1 668
2 377
3 131
4 27
5 112
6 352
7 655
8 891
9 979
10 889
11 663
12 371
13 126
14 26
15 117
16 359
17 663
18 899
19 983
20 883
21 655
22 363
23 121
24 26
25 122
26 369
27 671
28 903
29 983
30 879
31 647
32 355
33 116
34 25
35 128
36 377
37 679
38 905
39 983
40 875
41 641
42 347
43 111
44 25
45 133
46 387
47 687
48 911
49 983
50 869
51 631
52 339
53 107
54 25
55 139
56 395
57 694
58 915
59 983
60 865
61 623
62 331
63 102
64 24
65 145
66 403
67 699
68 919
69 983
70 859
71 615
72 323
73 98
74 25
75 149
76 411
77 710
78 923
79 983
80 855
81 607
82 317
83 93
84 24
85 155
86 419
87 715
88 928
89 979
90 851
91 599
92 309
93 90
94 24
95 161
96 427
97 723
98 929
99 979
100 843
101 590
102 300
103 86
104 25
105 166
106 439
107 730
108 927
109 980
110 838
111 580
112 292
113 82
114 25
115 171
116 447
117 735
118 934
119 976
120 831
121 572
122 284
123 79
124 25
125 177
126 455
127 743
128 936
129 976
130 828
131 564
132 278
133 76
134 27
135 183
136 463
137 751
138 940
139 972
140 822
141 556
142 270
143 73
144 29
145 189
146 471
147 759
148 942
149 972
150 818
151 548
152 262
153 70
154 32
155 195
156 479
157 766
158 946
159 968
160 812
161 540
162 256
163 67
164 35
165 201
166 487
167 774
168 948
169 968
170 806
171 536
172 248
173 64
174 37
175 207
176 495
177 780
178 952
179 960
180 798
181 524
182 241
183 61
184 40
185 215
186 503
187 783
188 952
189 958
190 794
191 520
192 236
193 59
194 43
195 221
196 513
197 794
198 956
199 956
200 788
201 509
202 228
203 56
204 46
205 227
206 521
207 799
208 958
209 956
210 780
211 504
212 220
213 53
214 48
215 235
216 527
217 807
218 958
219 952
220 774
221 496
222 213
223 50
224 51
225 241
226 535
227 814
228 959
229 948
230 768
231 488
232 207
233 48
234 55
235 249
236 543
237 820
238 964
239 944
240 760
241 478
242 201
243 46
244 58
245 256
246 551
247 823
248 968
249 944
250 756
251 472
252 194
253 44
254 61
255 263
256 559
257 831
258 968
259 940
260 748
261 464
262 189
263 41
264 65
265 270
266 567
267 836
268 972
269 936
270 740
271 456
272 183
273 40
274 69
275 277
276 577
277 842
278 972
279 932
280 734
281 447
282 178
283 37
284 72
285 283
286 583
287 847
288 972
289 928
290 728
291 440
292 172
293 36
294 77
295 291
296 591
297 852
298 974
299 924
300 718
301 432
302 166
303 34
304 80
305 299
306 599
307 858
308 974
309 920
310 716
311 424
312 162
313 33
314 84
315 305
316 607
317 863
318 974
319 920
320 708
321 416
322 156
323 32
324 89
325 313
326 615
327 868
328 974
329 912
330 700
331 408
332 150
333 30
334 93
335 321
336 623
337 871
338 980
339 908
340 693
341 400
342 145
343 30
344 97
345 327
346 631
347 878
348 980
349 904
350 686
351 393
352 140
353 29
354 102
355 335
356 636
357 884
358 980
359 900
360 678
361 385
362 135
363 28
364 107
365 343
366 644
367 888
368 980
369 894
370 670
371 378
372 130
373 27
374 112
375 351
376 652
377 892
378 980
379 892
380 662
381 370
382 125
383 26
384 117
385 359
386 660
387 895
388 980
389 888
390 654
391 364
392 120
393 26
394 122
395 367
396 668
397 904
398 980
399 880
400 648
401 356
402 116
403 26
404 128
405 375
406 676
407 908
408 980
409 876
410 638
411 348
412 110
413 25
414 133
415 385
416 684
417 912
418 980
419 872
420 630
421 340
422 105
423 25
424 139
425 394
426 692
427 916
428 980
429 864
430 622
431 332
432 100
433 25
434 145
435 402
436 700
437 920
438 982
439 860
440 614
441 326
442 95
443 25
444 149
445 410
446 703
447 924
448 980
449 856
450 606
451 318
452 91
453 25
454 154
455 420
456 712
457 924
458 980
459 852
460 599
461 310
462 88
463 26
464 160
465 428
466 722
467 928
468 980
469 848
470 588
471 304
472 84
473 26
474 166
475 436
476 728
477 936
478 980
479 840
480 580
481 296
482 82
483 26
484 171
485 444
486 734
487 936
488 974
489 836
490 572
491 288
492 78
493 26
494 177
495 453
496 744
497 940
498 974
499 828
500 564
501 280
502 74
503 27
504 182
505 461
506 750
507 940
508 972
509 824
510 556
511 273
512 71
513 30
514 189
515 472
516 758
517 944
518 972
519 820
520 548
521 266
522 68
523 32
524 194
525 478
526 764
527 948
528 968
529 816
530 542
531 260
532 65
533 35
534 200
535 488
536 772
537 952
538 966
539 808
540 532
541 252
542 62
543 38
544 206
545 496
546 780
547 952
548 959
549 804
550 526
551 244
552 60
553 40
554 213
555 504
556 786
557 956
558 958
559 796
560 518
561 238
562 57
563 43
564 220
565 512
566 792
567 956
568 956
569 792
570 510
571 230
572 54
573 46
574 227
575 520
576 798
577 958
578 956
579 784
580 502
581 224
582 51
583 49
584 234
585 528
586 806
587 959
588 952
589 776
590 494
591 216
592 48
593 52
594 241
595 536
596 812
597 968
598 948
599 768
600 486
601 210
602 46
603 55
604 249
605 544
606 820
607 968
608 942
609 764
610 478
611 204
612 43
613 59
614 257
615 552
616 824
617 968
618 942
619 756
620 470
621 197
622 41
623 63
624 264
625 560
626 830
627 972
628 940
629 748
630 462
631 191
632 39
633 67
634 271
635 568
636 836
637 972
638 936
639 744
640 454
641 188
642 37
643 70
644 278
645 575
646 842
647 976
648 932
649 734
650 446
651 180
652 35
653 74
654 285
655 584
656 846
657 976
658 926
659 728
660 438
661 174
662 34
663 78
664 293
665 592
666 852
667 976
668 924
669 720
670 430
671 169
672 32
673 82
674 301
675 600
676 860
677 976
678 920
679 712
680 422
681 164
682 31
683 86
684 309
685 608
686 862
687 980
688 916
689 708
690 414
691 158
692 30
693 91
694 315
695 616
696 868
697 980
698 910
699 700
700 406
701 153
702 28
703 94
704 322
705 624
706 874
707 980
708 908
709 696
710 398
711 148
712 28
713 99
714 329
715 632
716 878
717 980
718 904
719 688
720 392
721 142
722 27
723 103
724 338
725 640
726 884
727 984
728 900
729 680
730 383
731 137
732 26
733 108
734 346
735 647
736 888
737 984
738 894
739 672
740 376
741 132
742 25
743 113
744 354
745 655
746 894
747 984
748 890
749 664
750 368
751 127
752 24
753 119
754 363
755 663
756 900
757 984
758 884
759 656
760 360
761 122
762 24
763 124
764 371
765 671
766 904
767 984
768 878
769 648
770 354
771 117
772 24
773 129
774 379
775 679
776 908
777 984
778 876
779 638
780 346
781 112
782 23
783 135
784 389
785 687
786 910
787 984
788 870
789 632
790 338
791 108
792 23
793 141
794 398
795 694
796 916
797 984
798 863
799 624
800 330
801 102
802 23
803 146
804 407
805 702
806 920
807 984
808 860
809 616
810 324
811 98
812 26
813 151
814 415
815 710
816 924
817 984
818 856
819 606
820 316
821 95
822 26
823 157
824 423
825 716
826 926
827 984
828 850
829 600
830 308
831 91
832 26
833 163
834 431
835 724
836 927
837 984
838 844
839 592
840 301
841 88
842 26
843 167
844 439
845 731
846 932
847 980
848 840
849 584
850 294
851 84
852 26
853 173
854 449
855 735
856 936
857 980
858 831
859 574
860 286
861 81
862 27
863 178
864 455
865 746
866 940
867 976
868 830
869 568
870 280
871 78
872 27
873 183
874 463
875 751
876 940
877 976
878 824
879 560
880 271
881 75
882 30
883 189
884 471
885 759
886 942
887 972
888 820
889 552
890 264
891 72
892 33
893 195
894 479
895 768
896 948
897 968
898 814
899 544
900 258
901 69
902 35
903 201
904 487
905 774
906 948
907 968
908 808
909 536
910 252
911 66
912 37
913 207
914 495
915 780
916 952
917 964
918 799
919 528
920 244
921 63
922 41
923 214
924 503
925 788
926 956
927 959
928 796
929 520
930 236
931 60
932 43
933 221
934 513
935 795
936 956
937 956
938 788
939 512
940 228
941 57
942 47
943 229
944 522
945 799
946 958
947 956
948 782
949 504
950 222
951 55
952 50
953 235
954 527
955 807
956 959
957 952
958 776
959 496
960 214
961 52
962 53
963 243
964 539
965 815
966 964
967 952
968 768
969 488
970 207
971 49
972 56
973 250
974 547
975 822
976 966
977 948
978 762
979 480
980 201
981 46
982 59
983 257
984 555
985 827
986 968
987 944
988 756
989 472
990 195
991 44
992 63
993 265
994 563
995 831
996 972
997 940
998 748
999 464
1000 189
1001 42
1002 67
1003 271
1004 568
1005 840
1006 972
1007 936
1008 740
1009 456
1010 183
1011 40
1012 70
1013 278
1014 575
1015 844
1016 972
1017 931
1018 734
1019 447
1020 178
1021 38
1022 73
1023 285
1024 584
1025 848
1026 974
1027 928
1028 728
1029 440
1030 172
1031 36
1032 77
1033 292
1034 592
1035 856
1036 974
1037 924
1038 718
1039 432
1040 166
1041 35
1042 81
1043 299
1044 600
1045 860
1046 974
1047 920
1048 714
1049 424
1050 161
1051 34
1052 85
1053 306
1054 608
1055 862
1056 974
1057 920
1058 703
1059 418
1060 156
1061 32
1062 89
1063 314
1064 616
1065 868
1066 978
1067 912
1068 700
1069 408
1070 150
1071 31
1072 93
1073 319
1074 624
1075 872
1076 980
1077 912
1078 692
1079 401
1080 145
1081 30
1082 98
1083 327
1084 632
1085 880
1086 980
1087 904
1088 684
1089 392
1090 140
1091 29
1092 103
1093 336
1094 638
1095 884
1096 980
1097 900
1098 678
1099 384
1100 134
1101 28
1102 107
1103 344
1104 646
1105 888
1106 980
1107 894
1108 670
1109 378
1110 129
1111 27
1112 112
1113 351
1114 652
1115 892
1116 980
1117 892
1118 662
1119 370
1120 124
1121 27
1122 117
1123 360
1124 660
1125 900
1126 980
1127 888
1128 654
1129 362
1130 120
1131 26
1132 123
1133 368
1134 668
1135 904
1136 980
1137 880
1138 646
1139 356
1140 114
1141 25
1142 128
1143 376
1144 676
1145 908
1146 980
1147 876
1148 638
1149 348
1150 109
1151 25
1152 133
1153 384
1154 684
1155 912
1156 980
1157 872
1158 630
1159 340
1160 104
1161 25
1162 138
1163 393
1164 692
1165 916
1166 980
1167 864
1168 620
1169 332
1170 100
1171 25
1172 143
1173 402
1174 698
1175 920
1176 980
1177 860
1178 612
1179 324
1180 95
1181 23
1182 146
1183 410
1184 703
1185 924
1186 980
1187 856
1188 604
1189 318
1190 91
1191 23
1192 151
1193 418
1194 712
1195 924
1196 980
1197 852
1198 598
1199 310
1200 87
1201 23
1202 156
1203 426
1204 718
1205 928
1206 980
1207 844
1208 588
1209 304
1210 84
1211 23
1212 162
1213 434
1214 726
1215 932
1216 978
1217 840
1218 582
1219 296
1220 80
1221 24
1222 167
1223 444
1224 734
1225 936
1226 974
1227 836
1228 572
1229 288
1230 77
1231 24
1232 173
1233 452
1234 740
1235 936
1236 974
1237 828
1238 564
1239 280
1240 74
1241 24
1242 178
1243 460
1244 748
1245 940
1246 972
1247 824
1248 556
1249 273
1250 70
1251 27
1252 184
1253 468
1254 756
1255 944
1256 968
1257 820
1258 548
1259 266
1260 67
1261 30
1262 190
1263 476
1264 762
1265 944
1266 966
1267 812
1268 540
1269 258
1270 64
1271 32
1272 196
1273 484
1274 770
1275 948
1276 966
1277 808
1278 532
1279 250
1280 61
1281 35
1282 204
1283 492
1284 776
1285 952
1286 959
1287 800
1288 524
1289 244
1290 58
1291 38
1292 210
1293 500
1294 783
1295 952
1296 958
1297 796
1298 516
1299 236
1300 55
1301 40
1302 216
1303 508
1304 790
1305 956
1306 956
1307 788
1308 508
1309 229
1310 52
1311 43
1312 223
1313 516
1314 798
1315 956
1316 952
1317 780
1318 500
1319 222
1320 50
1321 46
1322 230
1323 524
1324 804
1325 958
1326 950
1327 776
1328 492
1329 216
1330 47
1331 50
1332 238
1333 532
1334 812
1335 964
1336 948
1337 766
1338 484
1339 208
1340 44
1341 53
1342 244
1343 540
1344 818
1345 968
1346 942
1347 760
1348 476
1349 201
1350 42
1351 56
1352 252
1353 552
1354 824
1355 968
1356 940
1357 752
1358 468
1359 196
1360 39
1361 59
1362 260
1363 556
1364 828
1365 968
1366 936
1367 748
1368 460
1369 190
1370 37
1371 63
1372 266
1373 564
1374 831
1375 968
1376 932
1377 740
1378 452
1379 184
1380 34
1381 66
1382 272
1383 572
1384 838
1385 972
1386 927
1387 732
1388 444
1389 178
1390 33
1391 70
1392 280
1393 584
1394 844
1395 972
1396 926
1397 728
1398 436
1399 173
1400 32
1401 74
1402 287
1403 588
1404 850
1405 976
1406 924
1407 720
1408 430
1409 168
1410 31
1411 77
1412 294
1413 596
1414 854
1415 976
1416 920
1417 712
1418 422
1419 163
1420 28
1421 81
1422 300
1423 604
1424 860
1425 976
1426 916
1427 708
1428 414
1429 158
1430 28
1431 85
1432 308
1433 612
1434 862
1435 976
1436 910
1437 700
1438 408
1439 153
1440 26
1441 89
1442 314
1443 620
1444 868
1445 976
1446 908
1447 696
1448 399
1449 148
1450 26
1451 93
1452 321
1453 624
1454 874
1455 976
1456 904
1457 688
1458 394
1459 142
1460 25
1461 98
1462 328
1463 632
1464 878
1465 976
1466 900
1467 680
1468 384
1469 137
1470 24
1471 102
1472 338
1473 642
1474 884
1475 980
1476 894
1477 672
1478 376
1479 132
1480 23
1481 107
1482 346
1483 648
1484 888
1485 980
1486 890
1487 664
1488 368
1489 126
1490 22
1491 112
1492 354
1493 656
1494 892
1495 980
1496 884
1497 656
1498 362
1499 122
1500 22
1501 117
1502 362
1503 664
1504 895
1505 982
1506 878
1507 648
1508 356
1509 117
1510 21
1511 122
1512 372
1513 672
1514 902
1515 980
1516 876
1517 640
1518 348
1519 112
1520 21
1521 128
1522 380
1523 680
1524 908
1525 980
1526 870
1527 632
1528 340
1529 108
1530 21
1531 133
1532 388
1533 688
1534 910
1535 980
1536 863
1537 624
1538 332
1539 104
1540 20
1541 139
1542 396
1543 692
1544 916
1545 980
1546 860
1547 618
1548 326
1549 99
1550 23
1551 143
1552 404
1553 700
1554 918
1555 980
1556 856
1557 608
1558 318
1559 94
1560 23
1561 149
1562 412
1563 712
1564 922
1565 980
1566 852
1567 600
1568 310
1569 91
1570 23
1571 154
1572 420
1573 716
1574 924
1575 980
1576 844
1577 592
1578 302
1579 87
1580 23
1581 159
1582 429
1583 724
1584 926
1585 976
1586 840
1587 584
1588 296
1589 84
1590 23
1591 166
1592 440
1593 732
1594 927
1595 976
1596 831
1597 576
1598 287
1599 80
1600 24
1601 171
1602 445
1603 736
1604 934
1605 976
1606 830
1607 568
1608 282
1609 77
1610 24
1611 177
1612 456
1613 744
1614 936
1615 972
1616 824
1617 560
1618 274
1619 74
1620 26
1621 182
1622 464
1623 752
1624 940
1625 972
1626 820
1627 552
1628 266
1629 71
1630 29
1631 188
1632 472
1633 760
1634 942
1635 968
1636 814
1637 544
1638 260
1639 68
1640 31
1641 194
1642 480
1643 764
1644 942
1645 968
1646 808
1647 536
1648 252
1649 65
1650 34
1651 201
1652 488
1653 776
1654 948
1655 964
1656 799
1657 536
1658 244
1659 62
1660 37
1661 207
1662 496
1663 780
1664 950
1665 958
1666 796
1667 520
1668 238
1669 59
1670 40
1671 215
1672 504
1673 788
1674 952
1675 956
1676 790
1677 513
1678 230
1679 56
1680 43
1681 220
1682 512
1683 796
1684 956
1685 956
1686 782
1687 508
1688 223
1689 54
1690 46
1691 228
1692 520
1693 800
1694 958
1695 952
1696 776
1697 500
1698 216
1699 51
1700 48
1701 235
1702 528
1703 808
1704 958
1705 952
1706 772
1707 492
1708 210
1709 48
1710 52
1711 242
1712 536
1713 816
1714 959
1715 944
1716 764
1717 484
1718 204
1719 46
1720 55
1721 249
1722 544
1723 820
1724 964
1725 944
1726 756
1727 476
1728 197
1729 44
1730 59
1731 256
1732 552
1733 824
1734 968
1735 940
1736 750
1737 468
1738 191
1739 41
1740 62
1741 263
1742 560
1743 830
1744 968
1745 936
1746 744
1747 460
1748 184
1749 39
1750 65
1751 270
1752 568
1753 836
1754 970
1755 936
1756 735
1757 452
1758 180
1759 37
1760 69
1761 278
1762 575
1763 840
1764 972
1765 928
1766 732
1767 444
1768 174
1769 36
1770 73
1771 285
1772 584
1773 848
1774 972
1775 924
1776 724
1777 436
1778 169
1779 34
1780 77
1781 292
1782 592
1783 852
1784 972
1785 924
1786 716
1787 428
1788 164
1789 33
1790 80
1791 299
1792 600
1793 856
1794 974
1795 920
1796 710
1797 421
1798 159
1799 32
1800 84
1801 306
1802 606
1803 860
1804 974
1805 916
1806 702
1807 414
1808 154
1809 31
1810 89
1811 312
1812 616
1813 868
1814 974
1815 912
1816 698
1817 408
1818 149
1819 30
1820 92
1821 319
1822 620
1823 872
1824 974
1825 908
1826 692
1827 400
1828 144
1829 29
1830 97
1831 327
1832 632
1833 876
1834 975
1835 904
1836 684
1837 392
1838 139
1839 27
1840 101
1841 334
1842 636
1843 880
1844 974
1845 900
1846 676
1847 384
1848 134
1849 27
1850 106
1851 342
1852 644
1853 888
1854 980
1855 892
1856 670
1857 376
1858 129
1859 26
1860 111
1861 348
1862 652
1863 892
1864 980
1865 888
1866 662
1867 370
1868 124
1869 26
1870 115
1871 357
1872 660
1873 894
1874 980
1875 888
1876 654
1877 362
1878 118
1879 25
1880 121
1881 366
1882 668
1883 904
1884 980
1885 880
1886 646
1887 356
1888 114
1889 25
1890 126
1891 376
1892 671
1893 904
1894 980
1895 876
1896 636
1897 348
1898 108
1899 24
1900 132
1901 383
1902 682
1903 912
1904 980
1905 872
1906 628
1907 340
1908 104
1909 24
1910 137
1911 392
1912 688
1913 916
1914 980
1915 864
1916 620
1917 332
1918 99
1919 23
1920 141
1921 400
1922 696
1923 920
1924 980
1925 860
1926 612
1927 324
1928 94
1929 23
1930 145
1931 408
1932 702
1933 920
1934 980
1935 856
1936 604
1937 317
1938 91
1939 23
1940 150
1941 417
1942 712
1943 924
1944 980
1945 852
1946 596
1947 310
1948 87
1949 23
1950 156
1951 426
1952 718
1953 926
1954 978
1955 844
1956 588
1957 302
1958 84
1959 23
1960 162
1961 436
1962 726
1963 932
1964 974
1965 840
1966 580
1967 296
1968 80
1969 23
1970 167
1971 444
1972 732
1973 937
1974 974
1975 836
1976 572
1977 288
1978 77
1979 24
1980 172
1981 452
1982 740
1983 936
1984 974
1985 830
1986 566
1987 281
1988 74
1989 23
1990 178
1991 460
1992 748
1993 940
1994 972
1995 824
1996 556
1997 274
1998 71
1999 27
2000 184
2001 468
2002 756
2003 944
2004 968
2005 820
2006 550
2007 266
2008 67
2009 29
2010 190
2011 476
2012 760
2013 944
2014 968
2015 816
2016 542
2017 260
2018 65
2019 32
2020 196
2021 484
2022 768
2023 948
2024 964
2025 808
2026 534
2027 252
2028 62
2029 35
2030 202
2031 492
2032 776
2033 952
2034 959
2035 804
2036 526
2037 245
2038 59
2039 38
2040 208
2041 500
2042 782
2043 952
2044 958
2045 796
2046 518
2047 238
2048 56
2049 41
2050 216
2051 508
2052 790
2053 956
2054 956
2055 792
2056 512
2057 232
2058 54
2059 43
2060 222
2061 516
2062 796
2063 956
2064 954
2065 784
2066 502
2067 224
2068 51
2069 46
2070 229
2071 524
2072 804
2073 958
2074 952
2075 776
2076 494
2077 217
2078 48
2079 49
2080 236
2081 532
2082 810
2083 964
2084 952
2085 768
2086 488
2087 210
2088 46
2089 53
2090 244
2091 540
2092 814
2093 968
2094 942
2095 764
2096 478
2097 204
2098 43
2099 56
2100 250
2101 548
2102 822
2103 968
2104 942
2105 756
2106 472
2107 198
2108 40
2109 59
2110 258
2111 556
2112 828
2113 968
2114 940
2115 748
2116 462
2117 191
2118 38
2119 63
2120 266
2121 564
2122 831
2123 972
2124 936
2125 744
2126 456
2127 186
2128 36
2129 67
2130 272
2131 572
2132 838
2133 972
2134 932
2135 736
2136 447
2137 180
2138 35
2139 70
2140 280
2141 580
2142 844
2143 976
2144 926
2145 728
2146 440
2147 176
2148 33
2149 74
2150 286
2151 588
2152 850
2153 976
2154 924
2155 724
2156 432
2157 170
2158 32
2159 78
2160 294
2161 596
2162 854
2163 976
2164 920
2165 716
2166 424
2167 165
2168 30
2169 82
2170 300
2171 604
2172 860
2173 976
2174 916
2175 712
2176 415
2177 160
2178 29
2179 86
2180 308
2181 612
2182 863
2183 976
2184 914
2185 702
2186 410
2187 154
2188 28
2189 90
2190 316
2191 620
2192 870
2193 980
2194 908
2195 696
2196 402
2197 149
2198 26
2199 94
2200 322
2201 628
2202 876
2203 980
2204 904
2205 688
2206 394
2207 144
2208 26
2209 99
2210 330
2211 636
2212 878
2213 980
2214 900
2215 680
2216 386
2217 138
2218 25
2219 103
2220 340
2221 644
2222 884
2223 980
2224 894
2225 672
2226 378
2227 133
2228 24
2229 109
2230 348
2231 652
2232 890
2233 980
2234 892
2235 664
2236 370
2237 128
2238 23
2239 114
2240 356
2241 660
2242 894
2243 984
2244 886
2245 656
2246 362
2247 123
2248 23
2249 119
2250 364
2251 668
2252 900
2253 984
2254 879
2255 648
2256 356
2257 118
2258 22
2259 125
2260 376
2261 676
2262 904
2263 984
2264 876
2265 639
2266 348
2267 113
2268 22
2269 130
2270 382
2271 684
2272 908
2273 984
2274 872
2275 632
2276 340
2277 108
2278 22
2279 136
2280 392
2281 688
2282 914
2283 984
2284 863
2285 624
2286 332
2287 103
2288 22
2289 142
2290 400
2291 696
2292 918
2293 984
2294 860
2295 616
2296 324
2297 98
2298 24
2299 147
2300 408
2301 703
2302 920
2303 984
2304 856
2305 608
2306 316
2307 95
2308 25
2309 153
2310 417
2311 712
2312 924
2313 980
2314 852
2315 600
2316 310
2317 91
2318 25
2319 158
2320 426
2321 720
2322 926
2323 980
2324 844
2325 592
2326 302
2327 87
2328 25
2329 164
2330 434
2331 728
2332 927
2333 980
2334 840
2335 584
2336 294
2337 84
2338 25
2339 170
2340 444
2341 734
2342 934
2343 980
2344 836
2345 574
2346 287
2347 80
2348 25
2349 175
2350 452
2351 744
2352 936
2353 976
2354 830
2355 568
2356 280
2357 77
2358 26
2359 181
2360 460
2361 748
2362 940
2363 976
2364 824
2365 560
2366 272
2367 74
2368 28
2369 186
2370 468
2371 756
2372 942
2373 972
2374 820
2375 552
2376 266
2377 72
2378 31
2379 192
2380 476
2381 764
2382 942
2383 968
2384 814
2385 544
2386 258
2387 68
2388 34
2389 198
2390 484
2391 772
2392 948
2393 968
2394 808
2395 536
2396 252
2397 65
2398 36
2399 204
2400 492
2401 776
2402 950
2403 964
2404 804
2405 528
2406 244
2407 63
2408 39
2409 211
2410 500
2411 784
2412 952
2413 959
2414 796
2415 520
2416 237
2417 60
2418 42
2419 218
2420 508
2421 792
2422 956
2423 958
2424 790
2425 512
2426 230
2427 57
2428 45
2429 223
2430 516
2431 796
2432 958
2433 956
2434 782
2435 505
2436 223
2437 54
2438 47
2439 231
2440 524
2441 804
2442 958
2443 952
2444 776
2445 498
2446 216
2447 52
2448 51
2449 238
2450 532
2451 812
2452 959
2453 952
2454 772
2455 490
2456 209
2457 49
2458 54
2459 245
2460 540
2461 816
2462 964
2463 948
2464 764
2465 484
2466 204
2467 47
2468 57
2469 253
2470 548
2471 824
2472 966
2473 944
2474 756
2475 476
2476 196
2477 44
2478 60
2479 260
2480 556
2481 828
2482 968
2483 940
2484 750
2485 468
2486 191
2487 42
2488 64
2489 267
2490 564
2491 836
2492 972
2493 936
2494 744
2495 460
2496 185
2497 40
2498 67
2499 274
2500 572
2501 840
2502 972
2503 938
2504 735
2505 452
2506 180
2507 38
2508 71
2509 281
2510 580
2511 844
2512 976
2513 932
2514 732
2515 444
2516 174
2517 37
2518 75
2519 287
2520 588
2521 848
2522 974
2523 926
2524 724
2525 436
2526 169
2527 35
2528 79
2529 295
2530 596
2531 856
2532 974
2533 924
2534 716
2535 428
2536 164
2537 34
2538 83
2539 302
2540 604
2541 860
2542 974
2543 920
2544 710
2545 420
2546 158
2547 33
2548 87
2549 310
2550 612
2551 864
2552 974
2553 920
2554 702
2555 412
2556 153
2557 32
2558 91
2559 317
2560 620
2561 872
2562 980
2563 912
2564 696
2565 405
2566 148
2567 30
2568 95
2569 324
2570 628
2571 876
2572 980
2573 908
2574 690
2575 398
2576 142
2577 30
2578 99
2579 331
2580 636
2581 880
2582 980
2583 904
2584 684
2585 392
2586 138
2587 29
2588 105
2589 340
2590 639
2591 888
2592 980
2593 900
2594 676
2595 382
2596 132
2597 28
2598 109
2599 348
2600 650
2601 892
2602 980
2603 892
2604 668
2605 376
2606 128
2607 27
2608 115
2609 356
2610 655
2611 894
2612 980
2613 888
2614 660
2615 368
2616 122
2617 27
2618 119
2619 364
2620 664
2621 904
2622 980
2623 884
2624 652
2625 360
2626 118
2627 26
2628 125
2629 372
2630 670
2631 904
2632 980
2633 880
2634 644
2635 352
2636 112
2637 26
2638 131
2639 380
2640 680
2641 912
2642 982
2643 876
2644 636
2645 345
2646 108
2647 25
2648 135
2649 389
2650 686
2651 916
2652 982
2653 872
2654 628
2655 337
2656 102
2657 26
2658 141
2659 398
2660 694
2661 920
2662 980
2663 864
2664 620
2665 330
2666 98
2667 24
2668 142
2669 405
2670 700
2671 920
2672 980
2673 860
2674 612
2675 324
2676 94
2677 24
2678 149
2679 414
2680 708
2681 924
2682 980
2683 856
2684 604
2685 316
2686 90
2687 25
2688 154
2689 424
2690 716
2691 930
2692 980
2693 852
2694 596
2695 309
2696 87
2697 25
2698 159
2699 432
2700 724
2701 932
2702 980
2703 844
2704 588
2705 302
2706 84
2707 25
2708 164
2709 440
2710 730
2711 936
2712 980
2713 840
2714 580
2715 296
2716 80
2717 25
2718 170
2719 446
2720 735
2721 936
2722 975
2723 836
2724 572
2725 288
2726 77
2727 25
2728 175
2729 456
2730 744
2731 940
2732 974
2733 828
2734 564
2735 280
2736 74
2737 26
2738 181
2739 464
2740 750
2741 944
2742 972
2743 824
2744 556
2745 274
2746 72
2747 29
2748 186
2749 472
2750 756
2751 944
2752 972
2753 820
2754 550
2755 268
2756 68
2757 31
2758 191
2759 478
2760 764
2761 948
2762 968
2763 816
2764 542
2765 260
2766 66
2767 34
2768 198
2769 488
2770 772
2771 952
2772 966
2773 808
2774 534
2775 252
2776 63
2777 37
2778 204
2779 496
2780 780
2781 952
2782 959
2783 804
2784 526
2785 245
2786 60
2787 39
2788 212
2789 504
2790 788
2791 956
2792 958
2793 796
2794 518
2795 238
2796 57
2797 43
2798 218
2799 512
2800 792
2801 958
2802 958
2803 792
2804 512
2805 232
2806 54
2807 46
2808 226
2809 520
2810 798
2811 958
2812 956
2813 784
2814 502
2815 224
2816 51
2817 49
2818 233
2819 528
2820 808
2821 964
2822 952
2823 776
2824 494
2825 217
2826 49
2827 52
2828 240
2829 536
2830 814
2831 968
2832 948
2833 768
2834 486
2835 210
2836 46
2837 55
2838 248
2839 544
2840 820
2841 968
2842 948
2843 764
2844 478
2845 204
2846 44
2847 59
2848 255
2849 552
2850 828
2851 968
2852 942
2853 756
2854 470
2855 197
2856 41
2857 62
2858 262
2859 560
2860 830
2861 972
2862 940
2863 748
2864 462
2865 191
2866 40
2867 66
2868 270
2869 568
2870 838
2871 972
2872 936
2873 744
2874 454
2875 186
2876 37
2877 69
2878 276
2879 576
2880 844
2881 976
2882 932
2883 734
2884 446
2885 180
2886 36
2887 74
2888 284
2889 584
2890 846
2891 976
2892 926
2893 728
2894 438
2895 175
2896 34
2897 77
2898 290
2899 592
2900 852
2901 976
2902 924
2903 724
2904 430
2905 170
2906 32
2907 80
2908 296
2909 600
2910 856
2911 976
2912 922
2913 716
2914 424
2915 165
2916 31
2917 84
2918 304
2919 608
2920 862
2921 980
2922 918
2923 708
2924 414
2925 158
2926 29
2927 88
2928 312
2929 616
2930 868
2931 980
2932 914
2933 700
2934 408
2935 153
2936 28
2937 92
2938 318
2939 624
2940 872
2941 980
2942 908
2943 696
2944 400
2945 148
2946 28
2947 97
2948 326
2949 632
2950 878
2951 980
2952 904
2953 688
2954 392
2955 144
2956 26
2957 101
2958 336
2959 638
2960 884
2961 984
2962 900
2963 680
2964 386
2965 138
2966 25
2967 106
2968 342
2969 648
2970 888
2971 984
2972 894
2973 672
2974 378
2975 133
2976 24
2977 110
2978 350
2979 652
2980 892
2981 984
2982 892
2983 664
2984 370
2985 128
2986 24
2987 115
2988 357
2989 660
2990 894
2991 984
2992 886
2993 656
2994 364
2995 124
2996 24
2997 119
2998 365
2999 668
3000 900
3001 984
3002 882
3003 648
3004 356
3005 118
3006 23
3007 125
3008 376
3009 676
3010 906
3011 984
3012 878
3013 640
3014 348
3015 113
3016 22
3017 130
3018 382
3019 684
3020 911
3021 984
3022 872
3023 632
3024 340
3025 108
3026 22
3027 135
3028 392
3029 688
3030 914
3031 984
3032 863
3033 624
3034 332
3035 104
3036 22
3037 142
3038 400
3039 696
3040 916
3041 984
3042 862
3043 616
3044 326
3045 99
3046 25
3047 146
3048 408
3049 702
3050 920
3051 984
3052 856
3053 612
3054 318
3055 95
3056 25
3057 151
3058 414
3059 712
3060 924
3061 980
3062 852
3063 600
3064 310
3065 92
3066 24
3067 156
3068 424
3069 716
3070 926
3071 980
3072 846
3073 596
3074 304
3075 88
3076 24
3077 161
3078 432
3079 724
3080 927
3081 980
3082 842
3083 588
3084 296
3085 84
3086 25
3087 166
3088 440
3089 732
3090 936
3091 980
3092 836
3093 580
3094 290
3095 81
3096 25
3097 172
3098 447
3099 740
3100 936
3101 976
3102 830
3103 572
3104 282
3105 78
3106 25
3107 178
3108 456
3109 744
3110 938
3111 976
3112 828
3113 562
3114 274
3115 74
3116 26
3117 183
3118 464
3119 752
3120 940
3121 972
3122 820
3123 556
3124 268
3125 72
3126 29
3127 189
3128 472
3129 760
3130 942
3131 968
3132 814
3133 548
3134 260
3135 68
3136 32
3137 195
3138 480
3139 766
3140 946
3141 968
3142 810
3143 540
3144 252
3145 65
3146 34
3147 201
3148 488
3149 776
3150 948
3151 964
3152 804
3153 530
3154 246
3155 62
3156 37
3157 207
3158 496
3159 780
3160 950
3161 958
3162 796
3163 524
3164 238
3165 60
3166 40
3167 214
3168 504
3169 788
3170 954
3171 956
3172 790
3173 514
3174 230
3175 57
3176 43
3177 221
3178 512
3179 796
3180 956
3181 956
3182 782
3183 506
3184 223
3185 54
3186 46
3187 229
3188 520
3189 800
3190 958
3191 952
3192 776
3193 496
3194 216
3195 51
3196 49
3197 236
3198 528
3199 808
3200 958
3201 952
3202 770
3203 490
3204 209
3205 48
3206 52
3207 243
3208 536
3209 816
3210 959
3211 944
3212 764
3213 480
3214 202
3215 45
3216 55
3217 250
3218 544
3219 824
3220 964
3221 944
3222 756
3223 474
3224 196
3225 43
3226 58
3227 257
3228 552
3229 828
3230 966
3231 940
3232 748
3233 466
3234 190
3235 41
3236 62
3237 264
3238 560
3239 830
3240 968
3241 936
3242 742
3243 458
3244 184
3245 39
3246 65
3247 271
3248 568
3249 836
3250 970
3251 936
3252 734
3253 452
3254 178
3255 37
3256 69
3257 278
3258 576
3259 844
3260 972
3261 928
3262 728
3263 444
3264 173
3265 35
3266 73
3267 285
3268 584
3269 848
3270 972
3271 924
3272 722
3273 436
3274 168
3275 33
3276 77
3277 292
3278 592
3279 852
3280 972
3281 920
3282 716
3283 428
3284 162
3285 32
3286 81
3287 299
3288 600
3289 864
3290 974
3291 920
3292 708
3293 420
3294 157
3295 31
3296 84
3297 306
3298 608
3299 860
3300 974
3301 916
3302 702
3303 412
3304 152
3305 30
3306 88
3307 314
3308 616
3309 868
3310 974
3311 912
3312 696
3313 404
3314 148
3315 29
3316 93
3317 319
3318 624
3319 872
3320 974
3321 908
3322 688
3323 397
3324 142
3325 29
3326 97
3327 327
3328 632
3329 880
3330 975
3331 904
3332 682
3333 392
3334 138
3335 27
3336 101
3337 336
3338 636
3339 884
3340 978
3341 895
3342 676
3343 382
3344 132
3345 27
3346 106
3347 342
3348 644
3349 888
3350 980
3351 892
3352 668
3353 376
3354 127
3355 25
3356 111
3357 350
3358 652
3359 892
3360 980
3361 888
3362 660
3363 368
3364 122
3365 25
3366 116
3367 360
3368 660
3369 894
3370 980
3371 884
3372 652
3373 360
3374 117
3375 25
3376 121
3377 368
3378 668
3379 904
3380 980
3381 880
3382 644
3383 352
3384 112
3385 24
3386 126
3387 376
3388 676
3389 908
3390 980
3391 876
3392 636
3393 346
3394 108
3395 24
3396 131
3397 383
3398 682
3399 912
3400 980
3401 872
3402 628
3403 338
3404 103
3405 24
3406 138
3407 392
3408 688
3409 916
3410 980
3411 864
3412 620
3413 332
3414 98
3415 23
3416 140
3417 400
3418 696
3419 920
3420 980
3421 860
3422 612
3423 324
3424 94
3425 22
3426 145
3427 408
3428 702
3429 920
3430 980
3431 856
3432 604
3433 316
3434 90
3435 22
3436 150
3437 418
3438 712
3439 924
3440 978
3441 848
3442 596
3443 308
3444 86
3445 22
3446 156
3447 428
3448 718
3449 926
3450 975
3451 844
3452 588
3453 301
3454 82
3455 23
3456 162
3457 436
3458 726
3459 932
3460 974
3461 840
3462 580
3463 294
3464 79
3465 23
3466 167
3467 444
3468 734
3469 936
3470 974
3471 836
3472 572
3473 286
3474 76
3475 23
3476 172
3477 452
3478 740
3479 936
3480 972
3481 828
3482 564
3483 280
3484 72
3485 24
3486 179
3487 460
3488 748
3489 940
3490 972
3491 824
3492 556
3493 272
3494 70
3495 27
3496 184
3497 468
3498 756
3499 944
3500 968
3501 816
3502 548
3503 264
3504 66
3505 29
3506 191
3507 476
3508 764
3509 944
3510 966
3511 812
3512 540
3513 257
3514 63
3515 32
3516 196
3517 485
3518 770
3519 948
3520 959
3521 808
3522 532
3523 250
3524 61
3525 35
3526 204
3527 492
3528 776
3529 952
3530 959
3531 800
3532 524
3533 244
3534 58
3535 38
3536 210
3537 500
3538 782
3539 952
3540 958
3541 792
3542 520
3543 236
3544 55
3545 41
3546 216
3547 508
3548 792
3549 956
3550 956
3551 788
3552 508
3553 229
3554 52
3555 44
3556 222
3557 516
3558 798
3559 956
3560 952
3561 780
3562 500
3563 222
3564 50
3565 46
3566 230
3567 524
3568 804
3569 958
3570 952
3571 776
3572 492
3573 216
3574 47
3575 50
3576 237
3577 532
3578 812
3579 964
3580 948
3581 768
3582 486
3583 209
3584 44
3585 53
3586 244
3587 540
3588 815
3589 968
3590 942
3591 760
3592 478
3593 202
3594 42
3595 56
3596 252
3597 548
3598 822
3599 968
3600 940
3601 756
3602 470
3603 196
3604 40
3605 59
3606 258
3607 556
3608 828
3609 968
3610 940
3611 748
3612 462
3613 191
3614 38
3615 63
3616 264
3617 564
3618 831
3619 972
3620 936
3621 744
3622 456
3623 186
3624 36
3625 66
3626 271
3627 572
3628 838
3629 972
3630 932
3631 736
3632 447
3633 181
3634 35
3635 70
3636 278
3637 580
3638 844
3639 972
3640 926
3641 732
3642 440
3643 176
3644 33
3645 73
3646 286
3647 588
3648 846
3649 976
3650 924
3651 724
3652 432
3653 170
3654 32
3655 77
3656 292
3657 596
3658 854
3659 976
3660 924
3661 716
3662 426
3663 165
3664 30
3665 81
3666 300
3667 602
3668 860
3669 976
3670 918
3671 712
3672 418
3673 160
3674 29
3675 84
3676 306
3677 608
3678 862
3679 976
3680 916
3681 702
3682 412
3683 156
3684 28
3685 89
3686 313
3687 616
3688 868
3689 976
3690 910
3691 696
3692 404
3693 150
3694 27
3695 93
3696 319
3697 624
3698 874
3699 980
3700 908
3701 692
3702 396
3703 145
3704 26
3705 97
3706 328
3707 632
3708 878
3709 980
3710 902
3711 684
3712 388
3713 140
3714 25
3715 102
3716 336
3717 639
3718 884
3719 980
3720 895
3721 676
3722 380
3723 135
3724 24
3725 107
3726 344
3727 648
3728 888
3729 980
3730 892
3731 668
3732 374
3733 130
3734 23
3735 111
3736 352
3737 656
3738 892
3739 980
3740 888
3741 660
3742 366
3743 125
3744 23
3745 117
3746 361
3747 664
3748 898
3749 986
3750 884
3751 652
3752 358
3753 120
3754 23
3755 122
3756 370
3757 670
3758 904
3759 984
3760 878
3761 644
3762 350
3763 115
3764 22
3765 127
3766 378
3767 680
3768 908
3769 988
3770 874
3771 636
3772 344
3773 110
3774 22
3775 133
3776 386
3777 684
3778 910
3779 984
3780 868
3781 628
3782 336
3783 106
3784 22
3785 138
3786 396
3787 692
3788 916
3789 984
3790 862
3791 620
3792 328
3793 101
3794 22
3795 143
3796 404
3797 700
3798 920
3799 980
3800 860
3801 612
3802 322
3803 97
3804 25
3805 149
3806 412
3807 708
3808 922
3809 980
3810 854
3811 604
3812 314
3813 93
3814 25
3815 154
3816 420
3817 716
3818 926
3819 980
3820 846
3821 596
3822 306
3823 89
3824 25
3825 159
3826 428
3827 724
3828 926
3829 980
3830 844
3831 588
3832 300
3833 86
3834 25
3835 165
3836 436
3837 728
3838 932
3839 980
3840 838
3841 580
3842 292
3843 82
3844 25
3845 171
3846 444
3847 736
3848 936
3849 976
3850 831
3851 572
3852 285
3853 80
3854 25
3855 175
3856 453
3857 744
3858 938
3859 976
3860 828
3861 564
3862 278
3863 76
3864 26
3865 182
3866 462
3867 752
3868 940
3869 972
3870 824
3871 560
3872 270
3873 73
3874 29
3875 188
3876 469
3877 760
3878 942
3879 968
3880 820
3881 552
3882 264
3883 70
3884 31
3885 194
3886 477
3887 764
3888 946
3889 968
3890 812
3891 542
3892 257
3893 68
3894 34
3895 199
3896 488
3897 772
3898 948
3899 968
3900 808
3901 536
3902 250
3903 65
3904 37
3905 205
3906 494
3907 780
3908 950
3909 964
3910 799
3911 528
3912 242
3913 62
3914 39
3915 212
3916 504
3917 784
3918 952
3919 958
3920 796
3921 520
3922 236
3923 59
3924 43
3925 219
3926 508
3927 792
3928 956
3929 956
3930 788
3931 512
3932 230
3933 56
3934 45
3935 226
3936 520
3937 798
3938 958
3939 956
3940 782
3941 504
3942 222
3943 54
3944 48
3945 231
3946 524
3947 808
3948 958
3949 952
3950 776
3951 496
3952 216
3953 51
3954 51
3955 239
3956 532
3957 812
3958 959
3959 952
3960 770
3961 488
3962 210
3963 48
3964 54
3965 246
3966 540
3967 816
3968 964
3969 948
3970 764
3971 482
3972 203
3973 46
3974 57
3975 253
3976 548
3977 824
3978 968
3979 944
3980 756
3981 476
3982 196
3983 44
3984 61
3985 260
3986 556
3987 828
3988 968
3989 940
3990 750
3991 468
3992 191
3993 42
3994 64
3995 266
3996 564
3997 836
3998 972
3999 936
4000 744
4001 460
4002 186
4003 40
4004 67
4005 274
4006 572
4007 840
4008 972
4009 936
4010 735
4011 452
4012 180
4013 38
4014 71
4015 281
4016 580
4017 844
4018 972
4019 932
4020 732
4021 444
4022 175
4023 37
4024 75
4025 287
4026 588
4027 852
4028 974
4029 926
4030 724
4031 436
4032 169
4033 35
4034 79
4035 295
4036 596
4037 856
4038 974
4039 924
4040 716
4041 428
4042 164
4043 34
4044 83
4045 302
4046 604
4047 860
4048 974
4049 921
4050 710
4051 420
4052 158
4053 33
4054 87
4055 310
4056 612
4057 864
4058 975
4059 916
4060 702
4061 412
4062 153
4063 31
4064 91
4065 317
4066 620
4067 872
4068 978
4069 912
4070 696
4071 405
4072 148
4073 30
4074 95
4075 324
4076 628
4077 876
4078 980
4079 908
4080 690
4081 400
4082 143
4083 30
4084 100
4085 332
4086 634
4087 880
4088 980
4089 904
4090 684
4091 392
4092 138
4093 29
4094 105
4095 338
4096 639
4097 888
4098 980
4099 900
4100 676
4101 383
4102 136
4103 28
4104 109
4105 346
4106 648
4107 892
4108 980
4109 894
4110 668
4111 376
4112 128
4113 27
4114 114
4115 356
4116 654
4117 894
4118 980
4119 888
4120 660
4121 368
4122 123
4123 27
4124 119
4125 362
4126 664
4127 900
4128 980
4129 888
4130 652
4131 360
4132 118
4133 27
4134 124
4135 372
4136 670
4137 904
4138 980
4139 880
4140 644
4141 354
4142 114
4143 26
4144 130
4145 380
4146 678
4147 908
4148 982
4149 876
4150 636
4151 346
4152 109
4153 26
4154 135
4155 388
4156 686
4157 912
4158 982
4159 872
4160 630
4161 340
4162 104
4163 25
4164 141
4165 396
4166 692
4167 920
4168 980
4169 864
4170 620
4171 332
4172 100
4173 26
4174 146
4175 404
4176 700
4177 920
4178 980
4179 860
4180 612
4181 324
4182 95
4183 25
4184 148
4185 412
4186 708
4187 924
4188 980
4189 856
4190 604
4191 316
4192 91
4193 24
4194 154
4195 421
4196 716
4197 926
4198 980
4199 852
4200 596
4201 310
4202 88
4203 25
4204 158
4205 430
4206 724
4207 932
4208 980
4209 848
4210 588
4211 304
4212 84
4213 25
4214 164
4215 438
4216 730
4217 936
4218 980
4219 840
4220 582
4221 296
4222 81
4223 25
4224 170
4225 446
4226 735
4227 936
4228 980
4229 836
4230 574
4231 289
4232 78
4233 25
4234 175
4235 453
4236 742
4237 940
4238 974
4239 830
4240 566
4241 282
4242 76
4243 26
4244 180
4245 460
4246 750
4247 944
4248 974
4249 828
4250 558
4251 276
4252 72
4253 28
4254 186
4255 472
4256 756
4257 944
4258 972
4259 824
4260 552
4261 268
4262 70
4263 31
4264 191
4265 478
4266 764
4267 948
4268 968
4269 816
4270 542
4271 261
4272 66
4273 34
4274 198
4275 488
4276 772
4277 952
4278 968
4279 812
4280 536
4281 254
4282 63
4283 36
4284 204
4285 493
4286 780
4287 952
4288 964
4289 804
4290 528
4291 246
4292 61
4293 39
4294 210
4295 504
4296 786
4297 956
4298 959
4299 796
4300 520
4301 240
4302 58
4303 42
4304 218
4305 512
4306 792
4307 956
4308 958
4309 792
4310 512
4311 232
4312 55
4313 45
4314 224
4315 520
4316 798
4317 958
4318 956
4319 784
4320 504
4321 225
4322 52
4323 48
4324 232
4325 528
4326 806
4327 964
4328 952
4329 776
4330 494
4331 218
4332 49
4333 51
4334 239
4335 536
4336 812
4337 968
4338 950
4339 768
4340 486
4341 210
4342 46
4343 55
4344 246
4345 544
4346 820
4347 968
4348 946
4349 764
4350 478
4351 204
4352 43
4353 58
4354 254
4355 552
4356 826
4357 968
4358 942
4359 756
4360 470
4361 197
4362 41
4363 61
4364 262
4365 560
4366 830
4367 972
4368 940
4369 748
4370 462
4371 190
4372 38
4373 65
4374 268
4375 568
4376 836
4377 972
4378 936
4379 744
4380 454
4381 185
4382 36
4383 68
4384 276
4385 574
4386 842
4387 976
4388 932
4389 734
4390 446
4391 180
4392 35
4393 72
4394 282
4395 584
4396 846
4397 976
4398 926
4399 728
4400 440
4401 174
4402 33
4403 75
4404 288
4405 592
4406 852
4407 976
4408 924
4409 720
4410 430
4411 169
4412 32
4413 79
4414 296
4415 600
4416 856
4417 976
4418 920
4419 716
4420 424
4421 164
4422 30
4423 84
4424 303
4425 606
4426 860
4427 976
4428 916
4429 708
4430 415
4431 158
4432 29
4433 87
4434 310
4435 616
4436 863
4437 976
4438 910
4439 700
4440 408
4441 153
4442 28
4443 91
4444 316
4445 620
4446 872
4447 980
4448 908
4449 696
4450 400
4451 148
4452 26
4453 95
4454 324
4455 632
4456 876
4457 984
4458 904
4459 688
4460 392
4461 143
4462 26
4463 100
4464 333
4465 636
4466 879
4467 980
4468 902
4469 680
4470 384
4471 137
4472 25
4473 105
4474 341
4475 644
4476 886
4477 980
4478 894
4479 672
4480 376
4481 132
4482 24
4483 109
4484 348
4485 652
4486 892
4487 980
4488 890
4489 664
4490 368
4491 127
4492 24
4493 115
4494 356
4495 660
4496 894
4497 984
4498 886
4499 656
4500 362
4501 122
4502 23
4503 119
4504 364
4505 668
4506 900
4507 980
4508 878
4509 648
4510 354
4511 117
4512 22
4513 124
4514 373
4515 672
4516 904
4517 984
4518 876
4519 639
4520 348
4521 112
4522 22
4523 130
4524 381
4525 680
4526 908
4527 980
4528 870
4529 632
4530 340
4531 108
4532 22
4533 134
4534 390
4535 688
4536 910
4537 984
4538 863
4539 624
4540 332
4541 104
4542 21
4543 140
4544 400
4545 696
4546 916
4547 980
4548 860
4549 616
4550 324
4551 98
4552 24
4553 145
4554 408
4555 702
4556 920
4557 980
4558 856
4559 608
4560 318
4561 94
4562 24
4563 150
4564 414
4565 712
4566 924
4567 980
4568 852
4569 600
4570 310
4571 91
4572 24
4573 155
4574 424
4575 716
4576 926
4577 980
4578 846
4579 592
4580 303
4581 87
4582 24
4583 161
4584 432
4585 724
4586 926
4587 980
4588 840
4589 584
4590 296
4591 84
4592 24
4593 166
4594 440
4595 732
4596 926
4597 976
4598 836
4599 576
4600 288
4601 80
4602 24
4603 172
4604 446
4605 740
4606 934
4607 976
4608 830
4609 568
4610 282
4611 77
4612 24
4613 178
4614 456
4615 744
4616 936
4617 972
4618 826
4619 560
4620 274
4621 74
4622 26
4623 182
4624 464
4625 752
4626 940
4627 972
4628 820
4629 552
4630 266
4631 71
4632 29
4633 188
4634 472
4635 760
4636 942
4637 968
4638 814
4639 544
4640 260
4641 68
4642 31
4643 194
4644 480
4645 768
4646 942
4647 968
4648 808
4649 536
4650 252
4651 65
4652 34
4653 200
4654 488
4655 776
4656 948
4657 964
4658 804
4659 530
4660 244
4661 62
4662 37
4663 207
4664 496
4665 780
4666 950
4667 958
4668 796
4669 522
4670 238
4671 59
4672 39
4673 214
4674 504
4675 788
4676 952
4677 956
4678 790
4679 514
4680 231
4681 56
4682 42
4683 220
4684 512
4685 793
4686 956
4687 956
4688 782
4689 506
4690 223
4691 53
4692 46
4693 227
4694 520
4695 800
4696 956
4697 952
4698 776
4699 498
4700 216
4701 51
4702 48
4703 234
4704 528
4705 808
4706 958
4707 952
4708 770
4709 492
4710 210
4711 48
4712 51
4713 242
4714 536
4715 816
4716 959
4717 944
4718 765
4719 484
4720 202
4721 45
4722 55
4723 249
4724 544
4725 820
4726 964
4727 944
4728 756
4729 476
4730 196
4731 43
4732 58
4733 256
4734 552
4735 824
4736 966
4737 940
4738 750
4739 468
4740 190
4741 41
4742 61
4743 263
4744 560
4745 830
4746 968
4747 936
4748 744
4749 460
4750 185
4751 39
4752 65
4753 270
4754 568
4755 836
4756 968
4757 936
4758 735
4759 452
4760 180
4761 37
4762 68
4763 277
4764 574
4765 840
4766 972
4767 928
4768 730
4769 444
4770 174
4771 35
4772 72
4773 284
4774 584
4775 848
4776 972
4777 924
4778 724
4779 436
4780 168
4781 34
4782 76
4783 292
4784 592
4785 852
4786 972
4787 924
4788 716
4789 428
4790 164
4791 32
4792 80
4793 298
4794 600
4795 856
4796 972
4797 920
4798 710
4799 420
4800 158
4801 31
4802 84
4803 303
4804 606
4805 860
4806 974
4807 920
4808 702
4809 414
4810 154
4811 30
4812 87
4813 311
4814 616
4815 868
4816 974
4817 912
4818 696
4819 408
4820 148
4821 29
4822 92
4823 319
4824 624
4825 872
4826 974
4827 908
4828 690
4829 400
4830 143
4831 28
4832 96
4833 326
4834 628
4835 876
4836 974
4837 904
4838 684
4839 392
4840 138
4841 28
4842 101
4843 333
4844 636
4845 880
4846 975
4847 900
4848 680
4849 384
4850 134
4851 27
4852 105
4853 340
4854 644
4855 888
4856 978
4857 892
4858 668
4859 376
4860 128
4861 26
4862 110
4863 348
4864 652
4865 892
4866 980
4867 888
4868 662
4869 370
4870 124
4871 25
4872 115
4873 356
4874 658
4875 894
4876 980
4877 888
4878 654
4879 364
4880 119
4881 25
4882 120
4883 364
4884 666
4885 904
4886 980
4887 880
4888 646
4889 356
4890 114
4891 25
4892 125
4893 372
4894 671
4895 904
4896 980
4897 876
4898 638
4899 348
4900 109
4901 24
4902 131
4903 381
4904 680
4905 912
4906 980
4907 872
4908 630
4909 340
4910 104
4911 24
4912 135
4913 392
4914 686
4915 912
4916 980
4917 864
4918 622
4919 332
4920 100
4921 24
4922 141
4923 400
4924 694
4925 920
4926 980
4927 860
4928 614
4929 326
4930 95
4931 24
4932 144
4933 408
4934 702
4935 920
4936 980
4937 856
4938 606
4939 318
4940 91
4941 23
4942 150
4943 416
4944 710
4945 924
4946 980
4947 852
4948 598
4949 312
4950 87
4951 23
4952 154
4953 424
4954 716
4955 926
4956 978
4957 848
4958 590
4959 304
4960 84
4961 23
4962 160
4963 432
4964 724
4965 932
4966 975
4967 840
4968 582
4969 296
4970 80
4971 23
4972 166
4973 441
4974 732
4975 936
4976 974
4977 836
4978 574
4979 288
4980 77
4981 23
4982 172
4983 450
4984 740
4985 936
4986 974
4987 828
4988 566
4989 280
4990 74
4991 24
4992 177
4993 458
4994 748
4995 940
4996 972
4997 824
4998 558
4999 274
5000 71
5001 26
5002 183
5003 466
5004 754
5005 944
5006 970
5007 824
5008 550
5009 268
5010 68
5011 29
5012 189
5013 476
5014 760
5015 944
5016 968
5017 816
5018 542
5019 260
5020 65
5021 31
5022 195
5023 484
5024 768
5025 948
5026 964
5027 808
5028 534
5029 252
5030 62
5031 35
5032 202
5033 492
5034 776
5035 952
5036 959
5037 804
5038 526
5039 245
5040 59
5041 37
5042 208
5043 500
5044 782
5045 952
5046 958
5047 796
5048 518
5049 238
5050 56
5051 40
5052 215
5053 508
5054 790
5055 956
5056 956
5057 792
5058 512
5059 232
5060 53
5061 43
5062 222
5063 516
5064 796
5065 956
5066 956
5067 784
5068 502
5069 224
5070 50
5071 46
5072 229
5073 524
5074 804
5075 958
5076 952
5077 776
5078 494
5079 217
5080 48
5081 49
5082 236
5083 532
5084 810
5085 964
5086 948
5087 768
5088 486
5089 210
5090 45
5091 52
5092 244
5093 540
5094 814
5095 968
5096 942
5097 764
5098 478
5099 204
5100 43
5101 55
5102 250
5103 548
5104 822
5105 968
5106 942
5107 756
5108 470
5109 198
5110 40
5111 59
5112 259
5113 556
5114 828
5115 968
5116 940
5117 752
5118 463
5119 192
5120 38
5121 62
5122 264
5123 564
5124 831
5125 972
5126 936
5127 744
5128 456
5129 186
5130 36
5131 66
5132 271
5133 572
5134 838
5135 972
5136 932
5137 736
5138 447
5139 181
5140 35
5141 69
5142 278
5143 580
5144 844
5145 972
5146 926
5147 728
5148 440
5149 176
5150 33
5151 73
5152 286
5153 588
5154 846
5155 976
5156 924
5157 724
5158 432
5159 170
5160 31
5161 77
5162 292
5163 596
5164 852
5165 976
5166 922
5167 720
5168 426
5169 165
5170 30
5171 81
5172 300
5173 604
5174 860
5175 976
5176 918
5177 712
5178 419
5179 160
5180 29
5181 87
5182 308
5183 612
5184 862
5185 976
5186 914
5187 702
5188 410
5189 154
5190 28
5191 90
5192 314
5193 620
5194 868
5195 976
5196 908
5197 696
5198 402
5199 149
5200 26
5201 94
5202 322
5203 628
5204 876
5205 980
5206 906
5207 688
5208 394
5209 144
5210 26
5211 98
5212 330
5213 636
5214 880
5215 980
5216 900
5217 680
5218 388
5219 140
5220 25
5221 103
5222 340
5223 642
5224 884
5225 980
5226 894
5227 676
5228 380
5229 134
5230 24
5231 108
5232 346
5233 648
5234 888
5235 982
5236 892
5237 668
5238 372
5239 129
5240 25
5241 113
5242 356
5243 656
5244 894
5245 984
5246 886
5247 660
5248 365
5249 124
5250 23
5251 118
5252 364
5253 664
5254 900
5255 984
5256 882
5257 652
5258 356
5259 118
5260 22
5261 123
5262 372
5263 672
5264 904
5265 984
5266 876
5267 644
5268 348
5269 114
5270 22
5271 129
5272 380
5273 680
5274 908
5275 984
5276 872
5277 634
5278 340
5279 109
5280 22
5281 134
5282 390
5283 688
5284 910
5285 984
5286 863
5287 628
5288 334
5289 104
5290 22
5291 140
5292 398
5293 696
5294 921
5295 984
5296 862
5297 620
5298 326
5299 100
5300 22
5301 146
5302 408
5303 702
5304 920
5305 984
5306 856
5307 610
5308 318
5309 95
5310 25
5311 151
5312 414
5313 712
5314 926
5315 980
5316 852
5317 600
5318 312
5319 92
5320 25
5321 156
5322 424
5323 716
5324 926
5325 980
5326 846
5327 594
5328 303
5329 88
5330 25
5331 162
5332 432
5333 724
5334 927
5335 980
5336 842
5337 592
5338 296
5339 84
5340 25
5341 167
5342 440
5343 732
5344 932
5345 980
5346 836
5347 578
5348 289
5349 81
5350 26
5351 174
5352 448
5353 740
5354 936
5355 976
5356 830
5357 570
5358 282
5359 78
5360 26
5361 180
5362 456
5363 748
5364 940
5365 976
5366 828
5367 564
5368 274
5369 75
5370 27
5371 184
5372 465
5373 752
5374 940
5375 972
5376 820
5377 556
5378 268
5379 72
5380 30
5381 190
5382 474
5383 764
5384 942
5385 968
5386 814
5387 548
5388 260
5389 68
5390 33
5391 197
5392 482
5393 768
5394 948
5395 968
5396 810
5397 540
5398 254
5399 66
5400 36
5401 203
5402 490
5403 776
5404 948
5405 968
5406 804
5407 532
5408 245
5409 63
5410 38
5411 207
5412 500
5413 784
5414 952
5415 960
5416 798
5417 524
5418 238
5419 60
5420 41
5421 215
5422 506
5423 792
5424 956
5425 958
5426 792
5427 516
5428 232
5429 58
5430 44
5431 222
5432 516
5433 796
5434 956
5435 956
5436 784
5437 508
5438 225
5439 55
5440 47
5441 230
5442 522
5443 804
5444 958
5445 952
5446 780
5447 500
5448 218
5449 52
5450 50
5451 236
5452 530
5453 808
5454 959
5455 952
5456 772
5457 492
5458 212
5459 50
5460 53
5461 244
5462 538
5463 816
5464 964
5465 948
5466 766
5467 484
5468 204
5469 47
5470 56
5471 250
5472 546
5473 824
5474 966
5475 944
5476 758
5477 476
5478 198
5479 45
5480 59
5481 258
5482 554
5483 828
5484 968
5485 944
5486 750
5487 468
5488 192
5489 43
5490 63
5491 265
5492 562
5493 831
5494 970
5495 936
5496 744
5497 460
5498 187
5499 41
5500 67
5501 271
5502 570
5503 840
5504 972
5505 936
5506 735
5507 452
5508 181
5509 39
5510 70
5511 279
5512 578
5513 844
5514 972
5515 932
5516 732
5517 446
5518 176
5519 37
5520 74
5521 286
5522 584
5523 848
5524 974
5525 928
5526 726
5527 440
5528 170
5529 36
5530 79
5531 294
5532 594
5533 856
5534 974
5535 924
5536 718
5537 432
5538 165
5539 34
5540 82
5541 301
5542 600
5543 860
5544 974
5545 920
5546 712
5547 424
5548 159
5549 33
5550 86
5551 308
5552 608
5553 864
5554 974
5555 920
5556 703
5557 414
5558 154
5559 31
5560 90
5561 315
5562 618
5563 872
5564 978
5565 912
5566 698
5567 408
5568 149
5569 31
5570 95
5571 323
5572 626
5573 876
5574 980
5575 908
5576 690
5577 401
5578 143
5579 29
5580 99
5581 330
5582 632
5583 880
5584 980
5585 904
5586 684
5587 392
5588 138
5589 29
5590 104
5591 338
5592 639
5593 888
5594 980
5595 900
5596 676
5597 382
5598 133
5599 28
5600 109
5601 346
5602 648
5603 894
5604 980
5605 892
5606 668
5607 376
5608 128
5609 27
5610 114
5611 354
5612 654
5613 894
5614 980
5615 888
5616 660
5617 368
5618 123
5619 27
5620 119
5621 364
5622 664
5623 900
5624 980
5625 884
5626 652
5627 360
5628 118
5629 26
5630 125
5631 372
5632 670
5633 904
5634 980
5635 880
5636 644
5637 352
5638 114
5639 26
5640 130
5641 380
5642 680
5643 912
5644 980
5645 876
5646 636
5647 345
5648 108
5649 26
5650 136
5651 388
5652 686
5653 916
5654 980
5655 872
5656 628
5657 338
5658 103
5659 25
5660 141
5661 396
5662 694
5663 920
5664 984
5665 864
5666 620
5667 330
5668 98
5669 24
5670 143
5671 408
5672 702
5673 920
5674 980
5675 860
5676 612
5677 324
5678 94
5679 24
5680 149
5681 414
5682 708
5683 924
5684 980
5685 856
5686 604
5687 316
5688 90
5689 25
5690 154
5691 424
5692 716
5693 928
5694 980
5695 848
5696 596
5697 308
5698 87
5699 24
5700 159
5701 432
5702 724
5703 932
5704 980
5705 844
5706 588
5707 301
5708 84
5709 25
5710 165
5711 440
5712 732
5713 936
5714 980
5715 840
5716 584
5717 294
5718 80
5719 25
5720 171
5721 447
5722 735
5723 936
5724 974
5725 840
5726 572
5727 286
5728 77
5729 25
5730 176
5731 456
5732 744
5733 940
5734 974
5735 828
5736 564
5737 280
5738 74
5739 27
5740 182
5741 464
5742 750
5743 944
5744 972
5745 824
5746 556
5747 272
5748 71
5749 29
5750 188
5751 472
5752 760
5753 946
5754 972
5755 820
5756 548
5757 266
5758 68
5759 32
5760 194
5761 480
5762 766
5763 948
5764 968
5765 816
5766 540
5767 258
5768 65
5769 35
5770 200
5771 488
5772 774
5773 952
5774 964
5775 808
5776 532
5777 252
5778 62
5779 38
5780 206
5781 496
5782 782
5783 952
5784 959
5785 800
5786 524
5787 244
5788 59
5789 40
5790 213
5791 504
5792 788
5793 956
5794 958
5795 796
5796 516
5797 237
5798 57
5799 43
5800 220
5801 514
5802 796
5803 956
5804 956
5805 788
5806 508
5807 229
5808 54
5809 46
5810 228
5811 524
5812 799
5813 958
5814 956
5815 784
5816 500
5817 222
5818 51
5819 49
5820 234
5821 532
5822 808
5823 964
5824 952
5825 776
5826 492
5827 216
5828 48
5829 53
5830 242
5831 540
5832 814
5833 968
5834 948
5835 766
5836 484
5837 208
5838 45
5839 56
5840 249
5841 548
5842 822
5843 968
5844 942
5845 760
5846 476
5847 201
5848 43
5849 59
5850 256
5851 556
5852 828
5853 972
5854 940
5855 752
5856 468
5857 196
5858 41
5859 63
5860 264
5861 564
5862 831
5863 972
5864 938
5865 748
5866 460
5867 189
5868 38
5869 67
5870 271
5871 572
5872 838
5873 976
5874 934
5875 740
5876 452
5877 184
5878 36
5879 70
5880 278
5881 580
5882 844
5883 976
5884 927
5885 732
5886 444
5887 178
5888 34
5889 74
5890 286
5891 588
5892 847
5893 976
5894 926
5895 728
5896 436
5897 172
5898 33
5899 77
5900 292
5901 596
5902 854
5903 976
5904 924
5905 720
5906 428
5907 168
5908 31
5909 81
5910 300
5911 604
5912 860
5913 976
5914 920
5915 712
5916 420
5917 162
5918 30
5919 85
5920 306
5921 612
5922 862
5923 976
5924 916
5925 704
5926 412
5927 156
5928 29
5929 89
5930 314
5931 618
5932 868
5933 980
5934 910
5935 700
5936 404
5937 152
5938 28
5939 94
5940 320
5941 624
5942 874
5943 980
5944 908
5945 692
5946 396
5947 146
5948 26
5949 98
5950 328
5951 632
5952 878
5953 980
5954 904
5955 684
5956 390
5957 141
5958 26
5959 102
5960 336
5961 639
5962 884
5963 980
5964 900
5965 676
5966 382
5967 136
5968 24
5969 107
5970 344
5971 648
5972 888
5973 980
5974 892
5975 668
5976 374
5977 130
5978 24
5979 111
5980 352
5981 656
5982 892
5983 980
5984 888
5985 660
5986 366
5987 124
5988 23
5989 117
5990 362
5991 664
5992 900
5993 984
5994 884
5995 652
5996 358
5997 120
5998 22
5999 122
6000 370
6001 670
6002 902
6003 984
6004 878
6005 644
6006 350
6007 116
6008 22
6009 127
6010 378
6011 680
6012 908
6013 984
6014 872
6015 636
6016 342
6017 110
6018 22
6019 133
6020 388
6021 688
6022 910
6023 980
6024 870
6025 628
6026 334
6027 104
6028 21
6029 139
6030 396
6031 696
6032 916
6033 980
6034 862
6035 620
6036 326
6037 100
6038 21
6039 143
6040 404
6041 700
6042 920
6043 980
6044 856
6045 612
6046 319
6047 96
6048 24
6049 149
6050 412
6051 708
6052 924
6053 980
6054 852
6055 604
6056 312
6057 92
6058 24
6059 154
6060 420
6061 716
6062 924
6063 980
6064 846
6065 596
6066 306
6067 88
6068 24
6069 159
6070 428
6071 728
6072 926
6073 980
6074 844
6075 588
6076 298
6077 84
6078 24
6079 165
6080 436
6081 728
6082 927
6083 976
6084 836
6085 580
6086 290
6087 81
6088 24
6089 171
6090 445
6091 736
6092 934
6093 976
6094 830
6095 572
6096 282
6097 78
6098 24
6099 175
6100 456
6101 744
6102 936
6103 976
6104 828
6105 564
6106 276
6107 74
6108 26
6109 182
6110 462
6111 752
6112 940
6113 972
6114 820
6115 556
6116 268
6117 72
6118 28
6119 187
6120 472
6121 760
6122 942
6123 968
6124 814
6125 548
6126 260
6127 68
6128 31
6129 194
6130 478
6131 764
6132 942
6133 968
6134 810
6135 540
6136 252
6137 65
6138 34
6139 199
6140 488
6141 772
6142 948
6143 964
6144 804
6145 532
6146 246
6147 62
6148 36
6149 206
6150 496
6151 780
6152 950
6153 958
6154 796
6155 522
6156 238
6157 59
6158 40
6159 214
6160 504
6161 788
6162 952
6163 956
6164 790
6165 514
6166 230
6167 56
6168 42
6169 220
6170 512
6171 792
6172 956
6173 956
6174 782
6175 505
6176 223
6177 54
6178 45
6179 228
6180 520
6181 800
6182 956
6183 952
6184 776
6185 497
6186 216
6187 51
6188 48
6189 235
6190 528
6191 808
6192 958
6193 948
6194 770
6195 490
6196 210
6197 48
6198 51
6199 242
6200 536
6201 816
6202 959
6203 944
6204 764
6205 482
6206 203
6207 45
6208 55
6209 250
6210 544
6211 820
6212 964
6213 944
6214 756
6215 474
6216 196
6217 43
6218 58
6219 257
6220 552
6221 824
6222 968
6223 940
6224 748
6225 468
6226 190
6227 41
6228 62
6229 263
6230 560
6231 830
6232 968
6233 936
6234 742
6235 460
6236 184
6237 39
6238 65
6239 271
6240 568
6241 840
6242 968
6243 936
6244 734
6245 452
6246 179
6247 37
6248 69
6249 278
6250 575
6251 844
6252 972
6253 928
6254 732
6255 444
6256 174
6257 35
6258 73
6259 285
6260 584
6261 848
6262 972
6263 924
6264 724
6265 436
6266 168
6267 34
6268 76
6269 292
6270 594
6271 852
6272 972
6273 924
6274 716
6275 428
6276 164
6277 32
6278 80
6279 299
6280 600
6281 856
6282 974
6283 920
6284 710
6285 420
6286 158
6287 31
6288 84
6289 306
6290 606
6291 860
6292 974
6293 916
6294 702
6295 413
6296 153
6297 30
6298 88
6299 312
6300 616
6301 868
6302 974
6303 912
6304 696
6305 408
6306 148
6307 29
6308 92
6309 319
6310 624
6311 872
6312 974
6313 908
6314 690
6315 400
6316 143
6317 28
6318 97
6319 327
6320 632
6321 876
6322 974
6323 904
6324 684
6325 392
6326 138
6327 27
6328 101
6329 334
6330 636
6331 880
6332 980
6333 900
6334 676
6335 383
6336 133
6337 27
6338 106
6339 341
6340 644
6341 888
6342 980
6343 892
6344 668
6345 376
6346 128
6347 26
6348 111
6349 350
6350 652
6351 892
6352 980
6353 888
6354 662
6355 368
6356 123
6357 25
6358 115
6359 358
6360 660
6361 894
6362 980
6363 884
6364 652
6365 361
6366 118
6367 25
6368 121
6369 366
6370 668
6371 904
6372 980
6373 880
6374 644
6375 354
6376 113
6377 25
6378 127
6379 376
6380 671
6381 908
6382 980
6383 876
6384 636
6385 346
6386 108
6387 24
6388 132
6389 384
6390 682
6391 912
6392 980
6393 872
6394 628
6395 340
6396 103
6397 24
6398 138
6399 392
6400 688
6401 916
6402 980
6403 864
6404 620
6405 332
6406 99
6407 23
6408 140
6409 400
6410 696
6411 920
6412 980
6413 860
6414 612
6415 324
6416 94
6417 23
6418 146
6419 410
6420 703
6421 920
6422 980
6423 856
6424 604
6425 316
6426 90
6427 22
6428 150
6429 418
6430 713
6431 924
6432 978
6433 848
6434 596
6435 308
6436 86
6437 23
6438 157
6439 428
6440 718
6441 928
6442 980
6443 844
6444 588
6445 301
6446 83
6447 23
6448 162
6449 436
6450 726
6451 932
6452 975
6453 840
6454 580
6455 294
6456 79
6457 23
6458 168
6459 444
6460 734
6461 936
6462 974
6463 832
6464 572
6465 286
6466 77
6467 24
6468 174
6469 452
6470 742
6471 936
6472 972
6473 828
6474 564
6475 280
6476 73
6477 24
6478 178
6479 461
6480 748
6481 940
6482 972
6483 824
6484 556
6485 272
6486 70
6487 27
6488 184
6489 468
6490 756
6491 944
6492 968
6493 820
6494 548
6495 264
6496 67
6497 30
6498 191
6499 476
6500 764
6501 944
6502 968
6503 812
6504 540
6505 258
6506 64
6507 33
6508 197
6509 488
6510 772
6511 948
6512 964
6513 808
6514 532
6515 250
6516 61
6517 35
6518 204
6519 496
6520 778
6521 952
6522 959
6523 800
6524 524
6525 242
6526 58
6527 38
6528 210
6529 504
6530 784
6531 952
6532 958
6533 792
6534 516
6535 236
6536 55
6537 41
6538 218
6539 512
6540 792
6541 956
6542 956
6543 788
6544 508
6545 228
6546 53
6547 44
6548 224
6549 520
6550 798
6551 958
6552 952
6553 780
6554 500
6555 222
6556 50
6557 47
6558 232
6559 528
6560 806
6561 958
6562 950
6563 776
6564 492
6565 216
6566 47
6567 51
6568 239
6569 536
6570 812
6571 964
6572 948
6573 766
6574 484
6575 208
6576 45
6577 54
6578 246
6579 544
6580 820
6581 968
6582 942
6583 760
6584 476
6585 201
6586 42
6587 57
6588 254
6589 552
6590 824
6591 968
6592 940
6593 752
6594 468
6595 196
6596 40
6597 61
6598 260
6599 560
6600 830
6601 968
6602 938
6603 748
6604 462
6605 190
6606 38
6607 65
6608 268
6609 568
6610 836
6611 972
6612 936
6613 740
6614 452
6615 184
6616 36
6617 68
6618 274
6619 574
6620 840
6621 972
6622 927
6623 732
6624 446
6625 180
6626 34
6627 71
6628 282
6629 588
6630 846
6631 976
6632 926
6633 728
6634 438
6635 174
6636 33
6637 75
6638 287
6639 592
6640 852
6641 976
6642 924
6643 720
6644 430
6645 169
6646 31
6647 79
6648 296
6649 600
6650 856
6651 976
6652 920
6653 716
6654 424
6655 164
6656 30
6657 83
6658 302
6659 604
6660 860
6661 976
6662 916
6663 708
6664 415
6665 158
6666 29
6667 87
6668 310
6669 612
6670 863
6671 976
6672 910
6673 700
6674 408
6675 153
6676 28
6677 91
6678 316
6679 620
6680 870
6681 980
6682 908
6683 696
6684 400
6685 148
6686 26
6687 95
6688 324
6689 628
6690 876
6691 980
6692 904
6693 689
6694 392
6695 144
6696 26
6697 100
6698 333
6699 636
6700 878
6701 980
6702 900
6703 680
6704 386
6705 138
6706 25
6707 105
6708 341
6709 648
6710 886
6711 980
6712 894
6713 673
6714 378
6715 133
6716 24
6717 110
6718 349
6719 652
6720 892
6721 984
6722 892
6723 664
6724 370
6725 127
6726 24
6727 115
6728 360
6729 660
6730 894
6731 984
6732 884
6733 656
6734 362
6735 122
6736 23
6737 120
6738 368
6739 668
6740 900
6741 984
6742 878
6743 649
6744 354
6745 117
6746 22
6747 126
6748 376
6749 676
6750 906
6751 984
6752 876
6753 639
6754 348
6755 112
6756 22
6757 131
6758 384
6759 684
6760 910
6761 984
6762 872
6763 632
6764 340
6765 109
6766 22
6767 136
6768 392
6769 692
6770 916
6771 984
6772 863
6773 624
6774 332
6775 104
6776 22
6777 142
6778 400
6779 696
6780 918
6781 984
6782 860
6783 616
6784 324
6785 100
6786 22
6787 147
6788 408
6789 703
6790 922
6791 984
6792 856
6793 608
6794 318
6795 96
6796 25
6797 152
6798 417
6799 712
6800 924
6801 984
6802 852
6803 600
6804 310
6805 91
6806 25
6807 158
6808 426
6809 720
6810 926
6811 980
6812 846
6813 592
6814 302
6815 88
6816 25
6817 163
6818 434
6819 728
6820 927
6821 980
6822 842
6823 584
6824 296
6825 84
6826 26
6827 169
6828 442
6829 732
6830 934
6831 980
6832 836
6833 576
6834 288
6835 81
6836 26
6837 174
6838 452
6839 740
6840 936
6841 976
6842 830
6843 568
6844 281
6845 78
6846 26
6847 180
6848 460
6849 748
6850 940
6851 976
6852 828
6853 560
6854 274
6855 75
6856 28
6857 186
6858 468
6859 756
6860 942
6861 972
6862 822
6863 553
6864 266
6865 72
6866 31
6867 191
6868 476
6869 764
6870 942
6871 968
6872 814
6873 546
6874 260
6875 69
6876 34
6877 197
6878 484
6879 768
6880 948
6881 968
6882 810
6883 537
6884 252
6885 66
6886 36
6887 204
6888 492
6889 776
6890 950
6891 968
6892 804
6893 528
6894 245
6895 63
6896 39
6897 210
6898 500
6899 784
6900 952
6901 964
6902 798
6903 522
6904 238
6905 60
6906 42
6907 218
6908 508
6909 792
6910 956
6911 958
6912 792
6913 514
6914 231
6915 57
6916 45
6917 225
6918 516
6919 796
6920 958
6921 956
6922 782
6923 506
6924 223
6925 55
6926 48
6927 231
6928 524
6929 808
6930 958
6931 952
6932 778
6933 498
6934 216
6935 52
6936 51
6937 238
6938 532
6939 812
6940 959
6941 952
6942 772
6943 492
6944 210
6945 50
6946 55
6947 246
6948 540
6949 820
6950 964
6951 948
6952 764
6953 484
6954 204
6955 47
6956 58
6957 253
6958 548
6959 824
6960 968
6961 944
6962 756
6963 476
6964 197
6965 45
6966 61
6967 261
6968 558
6969 828
6970 968
6971 940
6972 750
6973 466
6974 190
6975 42
6976 65
6977 268
6978 568
6979 836
6980 972
6981 936
6982 744
6983 458
6984 185
6985 40
6986 69
6987 276
6988 574
6989 840
6990 972
6991 936
6992 734
6993 450
6994 180
6995 38
6996 73
6997 284
6998 584
6999 848
7000 974
7001 932
7002 728
7003 442
7004 173
7005 37
7006 77
7007 291
7008 592
7009 852
7010 974
7011 924
7012 722
7013 434
7014 168
7015 35
7016 81
7017 298
7018 600
7019 856
7020 974
7021 924
7022 716
7023 428
7024 163
7025 34
7026 85
7027 306
7028 606
7029 862
7030 975
7031 920
7032 708
7033 420
7034 157
7035 33
7036 89
7037 313
7038 616
7039 868
7040 978
7041 916
7042 702
7043 412
7044 152
7045 32
7046 95
7047 322
7048 624
7049 872
7050 980
7051 912
7052 694
7053 404
7054 146
7055 31
7056 98
7057 327
7058 632
7059 880
7060 980
7061 908
7062 686
7063 396
7064 141
7065 30
7066 103
7067 336
7068 638
7069 884
7070 980
7071 904
7072 680
7073 388
7074 136
7075 29
7076 107
7077 344
7078 646
7079 888
7080 980
7081 894
7082 670
7083 380
7084 131
7085 28
7086 113
7087 351
7088 654
7089 892
7090 985
7091 892
7092 664
7093 372
7094 125
7095 27
7096 118
7097 360
7098 660
7099 900
7100 982
7101 888
7102 655
7103 364
7104 120
7105 27
7106 123
7107 368
7108 668
7109 904
7110 982
7111 884
7112 648
7113 356
7114 116
7115 26
7116 128
7117 376
7118 676
7119 908
7120 982
7121 880
7122 639
7123 348
7124 111
7125 26
7126 133
7127 384
7128 684
7129 912
7130 982
7131 872
7132 632
7133 341
7134 106
7135 25
7136 139
7137 394
7138 692
7139 918
7140 980
7141 868
7142 622
7143 334
7144 101
7145 26
7146 145
7147 404
7148 700
7149 920
7150 980
7151 860
7152 614
7153 326
7154 96
7155 24
7156 146
7157 412
7158 703
7159 924
7160 980
7161 856
7162 606
7163 318
7164 92
7165 24
7166 152
7167 420
7168 712
7169 926
7170 980
7171 852
7172 598
7173 312
7174 88
7175 25
7176 157
7177 428
7178 722
7179 928
7180 980
7181 848
7182 590
7183 304
7184 85
7185 24
7186 162
7187 436
7188 726
7189 932
7190 980
7191 840
7192 582
7193 298
7194 82
7195 24
7196 168
7197 444
7198 734
7199 936
7200 975
7201 836
7202 574
7203 289
7204 78
7205 25
7206 173
7207 452
7208 740
7209 936
7210 974
7211 830
7212 566
7213 282
7214 74
7215 25
7216 178
7217 460
7218 748
7219 940
7220 972
7221 824
7222 558
7223 274
7224 71
7225 27
7226 184
7227 468
7228 756
7229 944
7230 972
7231 820
7232 550
7233 268
7234 68
7235 30
7236 190
7237 476
7238 764
7239 944
7240 968
7241 816
7242 542
7243 260
7244 65
7245 33
7246 196
7247 484
7248 770
7249 948
7250 964
7251 808
7252 532
7253 252
7254 62
7255 35
7256 203
7257 493
7258 776
7259 952
7260 959
7261 800
7262 524
7263 244
7264 58
7265 38
7266 210
7267 504
7268 782
7269 952
7270 958
7271 796
7272 516
7273 236
7274 56
7275 41
7276 217
7277 510
7278 792
7279 956
7280 956
7281 788
7282 508
7283 230
7284 52
7285 44
7286 224
7287 520
7288 798
7289 958
7290 952
7291 780
7292 500
7293 221
7294 49
7295 47
7296 232
7297 528
7298 806
7299 958
7300 948
7301 780
7302 492
7303 214
7304 46
7305 50
7306 239
7307 536
7308 812
7309 964
7310 952
7311 766
7312 482
7313 206
7314 44
7315 53
7316 246
7317 542
7318 820
7319 968
7320 942
7321 760
7322 476
7323 200
7324 41
7325 57
7326 253
7327 552
7328 824
7329 968
7330 940
7331 752
7332 466
7333 194
7334 39
7335 61
7336 262
7337 564
7338 830
7339 968
7340 936
7341 744
7342 458
7343 188
7344 36
7345 64
7346 268
7347 568
7348 836
7349 972
7350 932
7351 736
7352 450
7353 182
7354 34
7355 67
7356 276
7357 574
7358 840
7359 972
7360 926
7361 732
7362 444
7363 177
7364 32
7365 71
7366 282
7367 584
7368 846
7369 972
7370 924
7371 724
7372 436
7373 172
7374 31
7375 75
7376 289
7377 592
7378 852
7379 976
7380 920
7381 720
7382 428
7383 166
7384 30
7385 79
7386 296
7387 600
7388 856
7389 976
7390 916
7391 712
7392 418
7393 160
7394 29
7395 83
7396 303
7397 606
7398 862
7399 976
7400 914
7401 702
7402 410
7403 155
7404 27
7405 87
7406 312
7407 616
7408 863
7409 976
7410 910
7411 696
7412 404
7413 150
7414 26
7415 92
7416 318
7417 624
7418 872
7419 978
7420 904
7421 688
7422 396
7423 144
7424 25
7425 95
7426 326
7427 632
7428 876
7429 976
7430 900
7431 684
7432 388
7433 140
7434 24
7435 100
7436 336
7437 638
7438 882
7439 980
7440 894
7441 676
7442 380
7443 134
7444 24
7445 105
7446 344
7447 648
7448 886
7449 980
7450 892
7451 668
7452 372
7453 129
7454 23
7455 110
7456 350
7457 652
7458 892
7459 980
7460 888
7461 664
7462 366
7463 124
7464 22
7465 115
7466 360
7467 660
7468 894
7469 980
7470 884
7471 652
7472 358
7473 120
7474 22
7475 120
7476 368
7477 668
7478 900
7479 980
7480 878
7481 644
7482 350
7483 115
7484 21
7485 125
7486 376
7487 676
7488 906
7489 980
7490 872
7491 636
7492 344
7493 110
7494 21
7495 132
7496 384
7497 684
7498 910
7499 980
7500 868
7501 628
7502 335
7503 105
7504 21
7505 136
7506 392
7507 692
7508 914
7509 980
7510 862
7511 620
7512 328
7513 100
7514 21
7515 142
7516 402
7517 700
7518 918
7519 980
7520 856
7521 612
7522 320
7523 96
7524 23
7525 148
7526 412
7527 708
7528 920
7529 980
7530 852
7531 604
7532 312
7533 92
7534 23
7535 154
7536 420
7537 716
7538 924
7539 980
7540 846
7541 596
7542 305
7543 88
7544 24
7545 159
7546 428
7547 720
7548 926
7549 980
7550 842
7551 588
7552 299
7553 84
7554 24
7555 165
7556 436
7557 728
7558 927
7559 976
7560 836
7561 580
7562 290
7563 81
7564 24
7565 171
7566 446
7567 736
7568 934
7569 976
7570 830
7571 572
7572 282
7573 78
7574 25
7575 177
7576 456
7577 744
7578 936
7579 976
7580 826
7581 564
7582 274
7583 74
7584 26
7585 182
7586 464
7587 752
7588 940
7589 972
7590 820
7591 556
7592 268
7593 72
7594 29
7595 188
7596 472
7597 760
7598 942
7599 968
7600 814
7601 548
7602 260
7603 68
7604 31
7605 194
7606 478
7607 764
7608 943
7609 968
7610 810
7611 540
7612 252
7613 65
7614 34
7615 200
7616 488
7617 776
7618 948
7619 964
7620 804
7621 532
7622 246
7623 62
7624 37
7625 207
7626 496
7627 780
7628 950
7629 959
7630 798
7631 525
7632 238
7633 60
7634 40
7635 214
7636 504
7637 788
7638 952
7639 956
7640 790
7641 516
7642 231
7643 57
7644 43
7645 221
7646 520
7647 796
7648 958
7649 956
7650 782
7651 508
7652 223
7653 54
7654 46
7655 229
7656 521
7657 800
7658 958
7659 952
7660 778
7661 500
7662 217
7663 52
7664 49
7665 235
7666 528
7667 808
7668 958
7669 952
7670 772
7671 492
7672 210
7673 49
7674 52
7675 242
7676 536
7677 816
7678 959
7679 948
7680 764
7681 484
7682 204
7683 46
7684 55
7685 250
7686 544
7687 820
7688 964
7689 944
7690 758
7691 476
7692 197
7693 44
7694 59
7695 257
7696 552
7697 828
7698 968
7699 940
7700 750
7701 468
7702 191
7703 42
7704 62
7705 263
7706 560
7707 830
7708 968
7709 936
7710 744
7711 460
7712 188
7713 40
7714 65
7715 270
7716 568
7717 840
7718 972
7719 936
7720 735
7721 452
7722 181
7723 38
7724 69
7725 278
7726 574
7727 840
7728 972
7729 932
7730 732
7731 446
7732 175
7733 37
7734 73
7735 284
7736 584
7737 848
7738 972
7739 926
7740 724
7741 440
7742 170
7743 35
7744 77
7745 290
7746 592
7747 854
7748 974
7749 924
7750 718
7751 432
7752 164
7753 33
7754 80
7755 298
7756 600
7757 856
7758 974
7759 920
7760 712
7761 424
7762 159
7763 32
7764 84
7765 306
7766 606
7767 862
7768 974
7769 916
7770 703
7771 416
7772 154
7773 31
7774 89
7775 313
7776 616
7777 868
7778 974
7779 912
7780 698
7781 408
7782 149
7783 30
7784 93
7785 319
7786 624
7787 872
7788 974
7789 908
7790 692
7791 400
7792 144
7793 29
7794 98
7795 327
7796 632
7797 880
7798 978
7799 904
7800 684
7801 392
7802 139
7803 28
7804 102
7805 336
7806 638
7807 884
7808 980
7809 900
7810 676
7811 383
7812 134
7813 27
7814 107
7815 344
7816 644
7817 888
7818 980
7819 894
7820 668
7821 376
7822 128
7823 26
7824 111
7825 351
7826 652
7827 892
7828 980
7829 888
7830 660
7831 368
7832 124
7833 26
7834 117
7835 360
7836 660
7837 900
7838 980
7839 884
7840 652
7841 361
7842 118
7843 25
7844 123
7845 368
7846 668
7847 904
7848 980
7849 880
7850 644
7851 354
7852 113
7853 25
7854 128
7855 376
7856 676
7857 908
7858 980
7859 876
7860 636
7861 346
7862 108
7863 25
7864 133
7865 386
7866 684
7867 912
7868 980
7869 872
7870 628
7871 340
7872 103
7873 25
7874 139
7875 394
7876 692
7877 916
7878 980
7879 864
7880 620
7881 332
7882 99
7883 23
7884 141
7885 404
7886 700
7887 920
7888 980
7889 860
7890 612
7891 324
7892 94
7893 22
7894 147
7895 412
7896 703
7897 924
7898 980
7899 856
7900 604
7901 316
7902 90
7903 24
7904 152
7905 420
7906 714
7907 926
7908 980
7909 852
7910 596
7911 308
7912 86
7913 23
7914 158
7915 428
7916 719
7917 928
7918 980
7919 844
7920 588
7921 302
7922 84
7923 24
7924 163
7925 436
7926 728
7927 932
7928 980
7929 840
7930 580
7931 296
7932 80
7933 24
7934 168
7935 444
7936 734
7937 936
7938 974
7939 836
7940 572
7941 288
7942 77
7943 25
7944 174
7945 452
7946 742
7947 940
7948 974
7949 828
7950 564
7951 280
7952 74
7953 25
7954 180
7955 461
7956 748
7957 940
7958 972
7959 824
7960 556
7961 272
7962 71
7963 28
7964 185
7965 469
7966 756
7967 944
7968 970
7969 820
7970 548
7971 266
7972 68
7973 30
7974 191
7975 478
7976 764
7977 948
7978 968
7979 816
7980 540
7981 260
7982 65
7983 33
7984 197
7985 484
7986 772
7987 952
7988 964
7989 808
7990 534
7991 252
7992 62
7993 36
7994 204
7995 493
7996 778
7997 952
7998 959
7999 804
8000 526
8001 245
8002 60
8003 39
8004 210
8005 504
8006 783
8007 956
8008 958
8009 796
8010 518
8011 238
8012 56
8013 41
8014 216
8015 509
8016 792
8017 956
8018 958
8019 793
8020 510
8021 232
8022 54
8023 44
8024 223
8025 520
8026 798
8027 958
8028 956
8029 784
8030 502
8031 224
8032 51
8033 47
8034 230
8035 524
8036 804
8037 959
8038 952
8039 776
8040 494
8041 218
8042 49
8043 50
8044 237
8045 532
8046 812
8047 964
8048 948
8049 772
8050 488
8051 212
8052 46
8053 54
8054 244
8055 540
8056 815
8057 968
8058 946
8059 764
8060 479
8061 204
8062 43
8063 57
8064 252
8065 552
8066 824
8067 968
8068 942
8069 756
8070 472
8071 198
8072 41
8073 60
8074 260
8075 560
8076 828
8077 972
8078 940
8079 752
8080 463
8081 192
8082 39
8083 64
8084 268
8085 568
8086 831
8087 972
8088 936
8089 744
8090 456
8091 186
8092 37
8093 68
8094 274
8095 574
8096 840
8097 972
8098 932
8099 736
8100 447
8101 181
8102 35
8103 71
8104 280
8105 584
8106 846
8107 976
8108 926
8109 728
8110 440
8111 176
8112 34
8113 75
8114 287
8115 592
8116 852
8117 976
8118 924
8119 724
8120 432
8121 170
8122 32
8123 79
8124 296
8125 600
8126 856
8127 976
8128 922
8129 716
8130 424
8131 165
8132 30
8133 83
8134 302
8135 606
8136 860
8137 976
8138 918
8139 712
8140 415
8141 160
8142 29
8143 87
8144 310
8145 616
8146 863
8147 980
8148 914
8149 702
8150 408
8151 154
8152 28
8153 91
8154 317
8155 624
8156 872
8157 980
8158 910
8159 696
8160 400
8161 149
8162 28
8163 96
8164 324
8165 632
8166 876
8167 980
8168 906
8169 688
8170 394
8171 144
8172 26
8173 101
8174 334
8175 636
8176 882
8177 984
8178 900
8179 680
8180 386
8181 139
8182 26
8183 106
8184 341
8185 648
8186 886
8187 984
8188 894
8189 672
8190 378
8191 134
8192 25
8193 110
8194 350
8195 652
8196 892
8197 984
8198 892
8199 664
8200 370
8201 128
8202 24
8203 116
8204 360
8205 664
8206 895
8207 984
8208 888
8209 660
8210 362
8211 124
8212 24
8213 121
8214 368
8215 668
8216 902
8217 984
8218 882
8219 650
8220 356
8221 118
8222 23
8223 126
8224 376
8225 676
8226 908
8227 984
8228 878
8229 640
8230 348
8231 114
8232 23
8233 132
8234 383
8235 684
8236 910
8237 984
8238 872
8239 634
8240 340
8241 109
8242 23
8243 137
8244 392
8245 692
8246 916
8247 984
8248 863
8249 624
8250 332
8251 104
8252 23
8253 142
8254 400
8255 700
8256 918
8257 984
8258 862
8259 616
8260 326
8261 100
8262 23
8263 148
8264 410
8265 704
8266 924
8267 984
8268 858
8269 608
8270 318
8271 95
8272 26
8273 154
8274 418
8275 712
8276 926
8277 984
8278 852
8279 600
8280 310
8281 92
8282 26
8283 159
8284 428
8285 720
8286 926
8287 984
8288 846
8289 592
8290 303
8291 88
8292 26
8293 165
8294 436
8295 728
8296 932
8297 984
8298 844
8299 584
8300 296
8301 85
8302 26
8303 170
8304 444
8305 734
8306 936
8307 980
8308 836
8309 576
8310 290
8311 82
8312 27
8313 175
8314 452
8315 744
8316 938
8317 976
8318 830
8319 568
8320 282
8321 78
8322 27
8323 181
8324 460
8325 752
8326 940
8327 976
8328 828
8329 560
8330 274
8331 76
8332 29
8333 187
8334 468
8335 756
8336 942
8337 972
8338 820
8339 554
8340 268
8341 72
8342 32
8343 193
8344 476
8345 764
8346 946
8347 972
8348 814
8349 546
8350 260
8351 69
8352 34
8353 198
8354 484
8355 772
8356 948
8357 968
8358 812
8359 540
8360 252
8361 66
8362 37
8363 205
8364 492
8365 780
8366 952
8367 968
8368 804
8369 530
8370 246
8371 64
8372 40
8373 212
8374 500
8375 784
8376 954
8377 964
8378 798
8379 522
8380 238
8381 61
8382 43
8383 218
8384 508
8385 792
8386 956
8387 958
8388 790
8389 514
8390 230
8391 58
8392 46
8393 226
8394 520
8395 800
8396 958
8397 956
8398 782
8399 504
8400 222
8401 55
8402 49
8403 233
8404 526
8405 808
8406 958
8407 952
8408 776
8409 496
8410 216
8411 52
8412 51
8413 239
8414 536
8415 812
8416 959
8417 952
8418 770
8419 488
8420 208
8421 49
8422 54
8423 247
8424 542
8425 820
8426 966
8427 948
8428 764
8429 482
8430 204
8431 46
8432 58
8433 254
8434 548
8435 824
8436 968
8437 944
8438 756
8439 474
8440 196
8441 44
8442 61
8443 261
8444 560
8445 828
8446 968
8447 940
8448 748
8449 464
8450 190
8451 42
8452 65
8453 268
8454 568
8455 836
8456 972
8457 936
8458 742
8459 456
8460 184
8461 39
8462 68
8463 276
8464 572
8465 840
8466 972
8467 932
8468 735
8469 448
8470 178
8471 37
8472 71
8473 282
8474 580
8475 848
8476 972
8477 928
8478 728
8479 441
8480 172
8481 36
8482 75
8483 290
8484 588
8485 852
8486 974
8487 924
8488 720
8489 433
8490 167
8491 34
8492 79
8493 295
8494 600
8495 856
8496 974
8497 920
8498 716
8499 426
8500 162
8501 33
8502 83
8503 303
8504 604
8505 860
8506 974
8507 920
8508 708
8509 418
8510 156
8511 31
8512 87
8513 310
8514 612
8515 864
8516 974
8517 912
8518 702
8519 410
8520 151
8521 30
8522 91
8523 317
8524 620
8525 872
8526 974
8527 912
8528 694
8529 402
8530 146
8531 29
8532 95
8533 324
8534 628
8535 876
8536 975
8537 904
8538 686
8539 396
8540 140
8541 28
8542 99
8543 332
8544 636
8545 880
8546 980
8547 904
8548 680
8549 388
8550 136
8551 27
8552 104
8553 340
8554 642
8555 888
8556 980
8557 894
8558 670
8559 380
8560 130
8561 26
8562 109
8563 346
8564 648
8565 888
8566 980
8567 892
8568 664
8569 372
8570 125
8571 26
8572 114
8573 354
8574 654
8575 892
8576 980
8577 888
8578 656
8579 364
8580 120
8581 25
8582 119
8583 362
8584 668
8585 900
8586 980
8587 880
8588 648
8589 356
8590 115
8591 24
8592 123
8593 372
8594 670
8595 904
8596 980
8597 876
8598 638
8599 349
8600 110
8601 24
8602 129
8603 380
8604 678
8605 912
8606 980
8607 872
8608 632
8609 342
8610 105
8611 23
8612 135
8613 388
8614 686
8615 912
8616 980
8617 868
8618 622
8619 334
8620 100
8621 23
8622 140
8623 396
8624 692
8625 916
8626 980
8627 860
8628 616
8629 328
8630 95
8631 23
8632 142
8633 406
8634 700
8635 920
8636 980
8637 856
8638 606
8639 318
8640 91
8641 22
8642 148
8643 414
8644 708
8645 924
8646 978
8647 852
8648 600
8649 312
8650 88
8651 22
8652 153
8653 424
8654 716
8655 924
8656 978
8657 848
8658 590
8659 306
8660 84
8661 22
8662 158
8663 432
8664 724
8665 928
8666 974
8667 840
8668 582
8669 296
8670 80
8671 22
8672 164
8673 440
8674 730
8675 932
8676 974
8677 836
8678 574
8679 289
8680 77
8681 23
8682 170
8683 447
8684 735
8685 936
8686 974
8687 828
8688 566
8689 282
8690 74
8691 23
8692 175
8693 456
8694 744
8695 940
8696 972
8697 824
8698 558
8699 274
8700 72
8701 25
8702 182
8703 464
8704 751
8705 940
8706 970
8707 820
8708 550
8709 268
8710 68
8711 28
8712 188
8713 473
8714 760
8715 944
8716 966
8717 816
8718 542
8719 260
8720 64
8721 31
8722 194
8723 482
8724 768
8725 948
8726 964
8727 808
8728 534
8729 252
8730 61
8731 33
8732 200
8733 489
8734 774
8735 952
8736 959
8737 804
8738 526
8739 244
8740 58
8741 36
8742 207
8743 500
8744 782
8745 952
8746 958
8747 796
8748 518
8749 237
8750 56
8751 39
8752 214
8753 508
8754 792
8755 956
8756 956
8757 792
8758 510
8759 230
8760 53
8761 42
8762 222
8763 516
8764 796
8765 956
8766 952
8767 784
8768 500
8769 222
8770 50
8771 46
8772 229
8773 524
8774 804
8775 958
8776 950
8777 776
8778 494
8779 216
8780 47
8781 49
8782 236
8783 532
8784 810
8785 964
8786 948
8787 768
8788 486
8789 209
8790 44
8791 52
8792 244
8793 540
8794 814
8795 964
8796 942
8797 760
8798 478
8799 202
8800 42
8801 55
8802 250
8803 548
8804 820
8805 968
8806 940
8807 756
8808 470
8809 196
8810 40
8811 59
8812 256
8813 556
8814 828
8815 968
8816 938
8817 748
8818 462
8819 191
8820 38
8821 62
8822 266
8823 564
8824 831
8825 968
8826 934
8827 744
8828 454
8829 186
8830 36
8831 66
8832 270
8833 572
8834 838
8835 972
8836 932
8837 736
8838 447
8839 180
8840 34
8841 69
8842 278
8843 580
8844 844
8845 972
8846 926
8847 728
8848 440
8849 176
8850 33
8851 73
8852 285
8853 588
8854 846
8855 976
8856 924
8857 724
8858 432
8859 170
8860 31
8861 76
8862 292
8863 596
8864 852
8865 976
8866 920
8867 716
8868 424
8869 164
8870 30
8871 81
8872 300
8873 604
8874 860
8875 976
8876 916
8877 712
8878 418
8879 159
8880 28
8881 84
8882 306
8883 612
8884 862
8885 976
8886 914
8887 702
8888 410
8889 154
8890 28
8891 89
8892 314
8893 620
8894 868
8895 976
8896 908
8897 696
8898 402
8899 149
8900 26
8901 93
8902 320
8903 624
8904 874
8905 980
8906 904
8907 688
8908 394
8909 144
8910 25
8911 98
8912 328
8913 632
8914 878
8915 980
8916 900
8917 684
8918 388
8919 139
8920 25
8921 102
8922 337
8923 639
8924 884
8925 980
8926 894
8927 676
8928 380
8929 134
8930 24
8931 107
8932 345
8933 648
8934 888
8935 980
8936 892
8937 668
8938 372
8939 128
8940 23
8941 111
8942 354
8943 656
8944 892
8945 980
8946 886
8947 660
8948 364
8949 124
8950 23
8951 117
8952 362
8953 664
8954 900
8955 980
8956 882
8957 652
8958 356
8959 119
8960 22
8961 123
8962 372
8963 672
8964 904
8965 980
8966 876
8967 644
8968 348
8969 114
8970 22
8971 128
8972 380
8973 680
8974 908
8975 980
8976 872
8977 636
8978 342
8979 109
8980 22
8981 134
8982 388
8983 688
8984 910
8985 984
8986 863
8987 628
8988 334
8989 104
8990 21
8991 139
8992 396
8993 696
8994 916
8995 980
8996 862
8997 620
8998 326
8999 100
9000 21
9001 145
9002 406
9003 702
9004 920
9005 980
9006 856
9007 608
9008 318
9009 95
9010 24
9011 151
9012 414
9013 712
9014 924
9015 980
9016 852
9017 600
9018 310
9019 91
9020 24
9021 156
9022 424
9023 720
9024 926
9025 980
9026 846
9027 592
9028 302
9029 88
9030 24
9031 162
9032 432
9033 724
9034 927
9035 980
9036 840
9037 584
9038 296
9039 84
9040 25
9041 167
9042 440
9043 732
9044 932
9045 980
9046 836
9047 576
9048 290
9049 81
9050 25
9051 173
9052 448
9053 740
9054 936
9055 976
9056 830
9057 568
9058 282
9059 78
9060 25
9061 179
9062 456
9063 748
9064 940
9065 976
9066 826
9067 560
9068 274
9069 74
9070 27
9071 185
9072 465
9073 756
9074 940
9075 972
9076 820
9077 552
9078 268
9079 72
9080 30
9081 190
9082 473
9083 760
9084 942
9085 968
9086 814
9087 546
9088 260
9089 69
9090 33
9091 196
9092 480
9093 766
9094 948
9095 968
9096 810
9097 538
9098 252
9099 66
9100 35
9101 202
9102 490
9103 776
9104 952
9105 964
9106 804
9107 530
9108 245
9109 63
9110 38
9111 209
9112 498
9113 784
9114 952
9115 959
9116 798
9117 524
9118 238
9119 60
9120 41
9121 215
9122 506
9123 792
9124 956
9125 958
9126 792
9127 516
9128 232
9129 57
9130 44
9131 222
9132 516
9133 796
9134 956
9135 956
9136 782
9137 508
9138 223
9139 54
9140 47
9141 230
9142 524
9143 804
9144 958
9145 952
9146 778
9147 500
9148 217
9149 52
9150 50
9151 237
9152 532
9153 808
9154 959
9155 952
9156 772
9157 492
9158 210
9159 49
9160 53
9161 244
9162 540
9163 816
9164 964
9165 948
9166 764
9167 484
9168 204
9169 47
9170 57
9171 251
9172 548
9173 824
9174 966
9175 944
9176 758
9177 476
9178 198
9179 44
9180 59
9181 258
9182 556
9183 828
9184 968
9185 944
9186 750
9187 468
9188 191
9189 42
9190 63
9191 266
9192 564
9193 832
9194 970
9195 936
9196 744
9197 460
9198 186
9199 40
9200 67
9201 271
9202 572
9203 840
9204 972
9205 936
9206 735
9207 452
9208 180
9209 38
9210 71
9211 279
9212 580
9213 844
9214 972
9215 932
9216 732
9217 444
9218 175
9219 37
9220 75
9221 287
9222 588
9223 848
9224 974
9225 926
9226 724
9227 436
9228 169
9229 35
9230 78
9231 294
9232 596
9233 856
9234 974
9235 924
9236 718
9237 428
9238 164
9239 34
9240 83
9241 302
9242 604
9243 860
9244 974
9245 920
9246 710
9247 420
9248 158
9249 33
9250 87
9251 309
9252 612
9253 864
9254 975
9255 916
9256 708
9257 413
9258 154
9259 31
9260 91
9261 316
9262 620
9263 872
9264 978
9265 912
9266 696
9267 408
9268 148
9269 31
9270 95
9271 324
9272 628
9273 876
9274 980
9275 908
9276 690
9277 398
9278 143
9279 29
9280 100
9281 332
9282 634
9283 880
9284 980
9285 904
9286 684
9287 392
9288 138
9289 28
9290 105
9291 340
9292 640
9293 888
9294 980
9295 900
9296 676
9297 382
9298 133
9299 28
9300 109
9301 348
9302 648
9303 892
9304 980
9305 892
9306 668
9307 376
9308 127
9309 27
9310 115
9311 356
9312 656
9313 894
9314 980
9315 888
9316 660
9317 368
9318 122
9319 26
9320 119
9321 364
9322 668
9323 904
9324 980
9325 884
9326 652
9327 360
9328 117
9329 26
9330 125
9331 372
9332 670
9333 904
9334 980
9335 880
9336 644
9337 352
9338 112
9339 26
9340 131
9341 380
9342 680
9343 912
9344 980
9345 876
9346 636
9347 344
9348 108
9349 26
9350 136
9351 389
9352 686
9353 916
9354 980
9355 872
9356 628
9357 337
9358 103
9359 25
9360 141
9361 398
9362 694
9363 920
9364 980
9365 864
9366 620
9367 330
9368 98
9369 24
9370 144
9371 408
9372 702
9373 920
9374 980
9375 860
9376 612
9377 322
9378 94
9379 24
9380 149
9381 414
9382 710
9383 924
9384 980
9385 856
9386 604
9387 316
9388 90
9389 24
9390 155
9391 424
9392 716
9393 928
9394 980
9395 848
9396 596
9397 308
9398 87
9399 25
9400 160
9401 432
9402 724
9403 932
9404 980
9405 844
9406 588
9407 300
9408 83
9409 25
9410 166
9411 440
9412 732
9413 936
9414 980
9415 840
9416 580
9417 293
9418 80
9419 25
9420 172
9421 448
9422 740
9423 936
9424 974
9425 836
9426 572
9427 286
9428 76
9429 25
9430 177
9431 456
9432 746
9433 940
9434 974
9435 828
9436 564
9437 280
9438 74
9439 27
9440 182
9441 464
9442 754
9443 944
9444 972
9445 824
9446 556
9447 272
9448 70
9449 30
9450 189
9451 474
9452 760
9453 944
9454 972
9455 820
9456 548
9457 264
9458 68
9459 32
9460 194
9461 482
9462 768
9463 952
9464 968
9465 812
9466 540
9467 257
9468 65
9469 35
9470 201
9471 490
9472 776
9473 952
9474 966
9475 808
9476 532
9477 250
9478 62
9479 38
9480 208
9481 500
9482 782
9483 956
9484 959
9485 800
9486 524
9487 242
9488 59
9489 41
9490 216
9491 508
9492 790
9493 956
9494 958
9495 792
9496 516
9497 236
9498 56
9499 44
9500 222
9501 516
9502 796
9503 958
9504 956
9505 788
9506 506
9507 228
9508 53
9509 47
9510 230
9511 524
9512 804
9513 959
9514 956
9515 780
9516 498
9517 220
9518 50
9519 50
9520 237
9521 532
9522 812
9523 964
9524 950
9525 772
9526 490
9527 213
9528 47
9529 54
9530 244
9531 540
9532 818
9533 968
9534 948
9535 764
9536 482
9537 206
9538 45
9539 57
9540 252
9541 548
9542 824
9543 968
9544 942
9545 760
9546 474
9547 200
9548 42
9549 60
9550 258
9551 556
9552 828
9553 968
9554 940
9555 752
9556 466
9557 194
9558 40
9559 63
9560 264
9561 564
9562 831
9563 972
9564 936
9565 744
9566 460
9567 188
9568 38
9569 66
9570 272
9571 572
9572 838
9573 972
9574 934
9575 740
9576 452
9577 184
9578 36
9579 71
9580 278
9581 580
9582 844
9583 976
9584 927
9585 732
9586 444
9587 177
9588 34
9589 74
9590 286
9591 588
9592 850
9593 976
9594 926
9595 724
9596 434
9597 172
9598 32
9599 78
9600 294
9601 596
9602 856
9603 976
9604 922
9605 716
9606 426
9607 165
9608 31
9609 82
9610 302
9611 604
9612 860
9613 976
9614 918
9615 712
9616 418
9617 160
9618 30
9619 86
9620 308
9621 612
9622 862
9623 976
9624 920
9625 702
9626 410
9627 155
9628 28
9629 90
9630 316
9631 620
9632 870
9633 980
9634 910
9635 696
9636 402
9637 149
9638 27
9639 94
9640 322
9641 628
9642 876
9643 980
9644 904
9645 688
9646 394
9647 144
9648 25
9649 98
9650 330
9651 636
9652 878
9653 980
9654 902
9655 680
9656 388
9657 139
9658 25
9659 103
9660 340
9661 644
9662 884
9663 980
9664 894
9665 676
9666 380
9667 134
9668 24
9669 107
9670 346
9671 648
9672 888
9673 980
9674 892
9675 668
9676 372
9677 128
9678 23
9679 112
9680 354
9681 656
9682 894
9683 980
9684 886
9685 660
9686 364
9687 123
9688 23
9689 118
9690 362
9691 664
9692 900
9693 984
9694 878
9695 652
9696 356
9697 118
9698 22
9699 123
9700 372
9701 672
9702 904
9703 980
9704 876
9705 640
9706 348
9707 112
9708 21
9709 129
9710 380
9711 680
9712 908
9713 980
9714 872
9715 632
9716 340
9717 108
9718 21
9719 134
9720 388
9721 688
9722 910
9723 980
9724 863
9725 624
9726 332
9727 104
9728 20
9729 139
9730 396
9731 696
9732 916
9733 980
9734 860
9735 616
9736 324
9737 98
9738 23
9739 145
9740 405
9741 702
9742 920
9743 980
9744 856
9745 608
9746 317
9747 94
9748 23
9749 150
9750 414
9751 712
9752 922
9753 980
9754 850
9755 600
9756 310
9757 90
9758 23
9759 155
9760 424
9761 718
9762 924
9763 980
9764 844
9765 592
9766 302
9767 87
9768 23
9769 161
9770 432
9771 724
9772 926
9773 976
9774 840
9775 584
9776 294
9777 83
9778 23
9779 167
9780 440
9781 732
9782 927
9783 976
9784 831
9785 574
9786 287
9787 80
9788 23
9789 172
9790 447
9791 740
9792 934
9793 976
9794 830
9795 568
9796 280
9797 76
9798 24
9799 178
9800 456
9801 748
9802 938
9803 972
9804 824
9805 560
9806 271
9807 73
9808 26
9809 184
9810 464
9811 756
9812 940
9813 968
9814 822
9815 552
9816 264
9817 70
9818 29
9819 190
9820 474
9821 760
9822 942
9823 968
9824 812
9825 542
9826 256
9827 67
9828 32
9829 197
9830 484
9831 768
9832 946
9833 964
9834 806
9835 536
9836 250
9837 63
9838 35
9839 203
9840 492
9841 776
9842 948
9843 964
9844 798
9845 528
9846 242
9847 61
9848 38
9849 210
9850 500
9851 784
9852 952
9853 958
9854 794
9855 520
9856 236
9857 58
9858 41
9859 217
9860 508
9861 792
9862 954
9863 956
9864 788
9865 512
9866 228
9867 56
9868 44
9869 223
9870 516
9871 796
9872 956
9873 952
9874 782
9875 504
9876 220
9877 52
9878 47
9879 231
9880 524
9881 804
9882 958
9883 952
9884 774
9885 496
9886 213
9887 50
9888 50
9889 239
9890 532
9891 812
9892 959
9893 948
9894 766
9895 488
9896 206
9897 47
9898 53
9899 246
9900 540
9901 816
9902 959
9903 944
9904 760
9905 478
9906 200
9907 45
9908 57
9909 254
9910 548
9911 824
9912 966
9913 944
9914 752
9915 472
9916 194
9917 42
9918 60
9919 261
9920 562
9921 828
9922 968
9923 936
9924 746
9925 464
9926 188
9927 40
9928 64
9929 268
9930 564
9931 836
9932 968
9933 936
9934 740
9935 456
9936 182
9937 38
9938 67
9939 275
9940 572
9941 840
9942 972
9943 932
9944 732
9945 447
9946 176
9947 36
9948 71
9949 282
9950 580
9951 844
9952 972
9953 928
9954 726
9955 440
9956 171
9957 35
9958 75
9959 287
9960 590
9961 852
9962 972
9963 924
9964 718
9965 432
9966 166
9967 34
9968 79
9969 295
9970 596
9971 856
9972 974
9973 920
9974 714
9975 424
9976 161
9977 33
9978 83
9979 303
9980 604
9981 860
9982 974
9983 920
9984 708
9985 417
9986 156
9987 31
9988 87
9989 310
9990 612
9991 864
9992 974
9993 912
9994 700
9995 410
9996 150
9997 30
9998 91
9999 318
10000 620