=~=~=~=~=~=~=~=~=~=~=~= PuTTY log 2018.03.09 16:40:28 =~=~=~=~=~=~=~=~=~=~=~=
Serial port says: Hello
0 726
1 641
2 626
3 532
4 494
5 402
6 362
7 461
8 374
9 374
10 498
11 544
12 594
13 743
14 634
15 599
16 515
17 444
18 359
19 348
20 464
21 398
22 432
23 532
24 562
25 604
26 742
27 615
28 567
29 500
30 400
31 330
32 343
33 468
34 426
35 492
36 562
37 580
38 610
39 725
40 594
41 534
42 487
43 367
44 312
45 348
46 474
47 457
48 546
49 588
50 590
51 609
52 702
53 569
54 502
55 476
56 343
57 304
58 360
59 480
60 487
61 596
62 606
63 596
64 606
65 669
66 542
67 471
68 466
69 327
70 306
71 376
72 486
73 516
74 640
75 621
76 598
77 596
78 634
79 517
80 444
81 460
82 319
83 314
84 396
85 492
86 542
87 676
88 630
89 597
90 586
91 600
92 494
93 421
94 455
95 317
96 326
97 416
98 502
99 561
100 699
101 636
102 594
103 577
104 566
105 473
106 403
107 452
108 319
109 341
110 436
111 508
112 579
113 719
114 635
115 590
116 566
117 536
118 454
119 389
120 450
121 324
122 358
123 454
124 514
125 596
126 734
127 636
128 586
129 556
130 512
131 440
132 378
133 450
134 331
135 372
136 470
137 518
138 606
139 743
140 634
141 581
142 546
143 487
144 428
145 372
146 450
147 338
148 386
149 484
150 522
151 613
152 752
153 631
154 575
155 540
156 470
157 420
158 366
159 449
160 346
161 398
162 496
163 524
164 619
165 751
166 630
167 572
168 531
169 455
170 414
171 361
172 450
173 352
174 410
175 504
176 526
177 623
178 754
179 628
180 567
181 528
182 446
183 408
184 358
185 452
186 355
187 416
188 510
189 527
190 626
191 756
192 626
193 566
194 526
195 439
196 406
197 357
198 451
199 358
200 418
201 512
202 530
203 628
204 754
205 625
206 566
207 524
208 438
209 404
210 358
211 452
212 358
213 420
214 514
215 528
216 626
217 756
218 626
219 566
220 526
221 439
222 406
223 357
224 451
225 356
226 416
227 510
228 528
229 628
230 754
231 628
232 567
233 527
234 446
235 408
236 359
237 452
238 351
239 409
240 506
241 526
242 624
243 752
244 630
245 572
246 531
247 455
248 414
249 362
250 450
251 348
252 402
253 496
254 526
255 620
256 752
257 630
258 574
259 537
260 470
261 421
262 368
263 450
264 340
265 389
266 486
267 521
268 611
269 748
270 634
271 580
272 546
273 487
274 432
275 372
276 450
277 333
278 375
279 470
280 518
281 604
282 739
283 636
284 583
285 556
286 510
287 444
288 384
289 450
290 326
291 359
292 455
293 512
294 592
295 727
296 638
297 588
298 563
299 540
300 458
301 393
302 451
303 321
304 344
305 436
306 506
307 575
308 711
309 636
310 594
311 574
312 570
313 477
314 410
315 453
316 316
317 328
318 418
319 500
320 556
321 692
322 634
323 597
324 586
325 601
326 498
327 428
328 458
329 318
330 315
331 396
332 494
333 534
334 662
335 625
336 598
337 596
338 635
339 524
340 454
341 463
342 323
343 308
344 378
345 485
346 507
347 622
348 614
349 596
350 603
351 672
352 547
353 480
354 471
355 336
356 304
357 361
358 478
359 480
360 578
361 596
362 592
363 608
364 702
365 573
366 514
367 481
368 358
369 310
370 350
371 471
372 450
373 524
374 574
375 581
376 610
377 726
378 598
379 545
380 494
381 388
382 326
383 343
384 466
385 420
386 466
387 545
388 567
389 605
390 742
391 620
392 578
393 508
394 427
395 353
396 347
397 462
398 391
399 407
400 514
401 548
402 594
403 741
404 635
405 608
406 523
407 476
408 391
409 362
410 462
411 369
412 350
413 477
414 528
415 575
416 726
417 644
418 634
419 540
420 530
421 440
422 390
423 463
424 356
425 302
426 442
427 501
428 550
429 692
430 640
431 652
432 554
433 584
434 498
435 428
436 470
437 356
438 270
439 408
440 478
441 517
442 634
443 621
444 651
445 564
446 638
447 557
448 475
449 480
450 370
451 260
452 382
453 453
454 482
455 564
456 594
457 638
458 570
459 677
460 614
461 532
462 491
463 400
464 278
465 369
466 438
467 445
468 482
469 551
470 610
471 566
472 702
473 660
474 586
475 508
476 446
477 320
478 372
479 428
480 414
481 397
482 503
483 566
484 558
485 700
486 688
487 631
488 522
489 500
490 392
491 393
492 430
493 396
494 322
495 454
496 514
497 540
498 670
499 688
500 662
501 535
502 560
503 484
504 434
505 441
506 390
507 273
508 410
509 460
510 514
511 613
