=~=~=~=~=~=~=~=~=~=~=~= PuTTY log 2018.03.09 16:54:50 =~=~=~=~=~=~=~=~=~=~=~=
Serial port says: Hello
0 462
1 561
2 435
3 622
4 306
5 784
6 215
7 764
8 326
9 605
10 454
11 534
12 499
13 456
14 630
15 321
16 710
17 328
18 634
19 404
20 624
21 344
22 690
23 352
24 594
25 486
26 478
27 549
28 443
29 614
30 315
31 780
32 214
33 772
34 315
35 614
36 446
37 544
38 487
39 476
40 611
41 338
42 699
43 334
44 631
45 404
46 626
47 340
48 702
49 338
50 607
51 476
52 486
53 545
54 446
55 609
56 318
57 776
58 214
59 773
60 314
61 620
62 444
63 545
64 483
65 480
66 606
67 342
68 695
69 336
70 630
71 404
72 626
73 340
74 702
75 338
76 606
77 476
78 486
79 548
80 446
81 612
82 318
83 780
84 214
85 772
86 315
87 614
88 446
89 544
90 490
91 470
92 615
93 332
94 702
95 332
96 634
97 404
98 624
99 344
100 691
101 352
102 594
103 492
104 474
105 553
106 442
107 617
108 310
109 782
110 214
111 764
112 324
113 605
114 454
115 533
116 503
117 449
118 642
119 311
120 720
121 324
122 634
123 405
124 619
125 354
126 671
127 381
128 560
129 518
130 454
131 566
132 432
133 628
134 300
135 788
136 220
137 748
138 343
139 589
140 467
141 517
142 528
143 416
144 678
145 280
146 738
147 317
148 634
149 408
150 610
151 374
152 634
153 428
154 510
155 559
156 427
157 581
158 419
159 638
160 294
161 784
162 238
163 720
164 374
165 564
166 490
167 494
168 560
169 372
170 722
171 246
172 754
173 316
174 630
175 417
176 594
177 407
178 582
179 493
180 446
181 612
182 395
183 597
184 408
185 648
186 294
187 768
188 274
189 672
190 422
191 527
192 515
193 468
194 598
195 324
196 766
197 220
198 759
199 324
200 614
201 436
202 566
203 454
204 507
205 575
206 370
207 664
208 366
209 612
210 402
211 646
212 310
213 724
214 338
215 599
216 483
217 484
218 546
219 436
220 640
221 282
222 795
223 216
224 742
225 352
226 586
227 462
228 530
229 518
230 419
231 668
232 295
233 711
234 346
235 620
236 406
237 629
238 354
239 644
240 432
241 503
242 560
243 434
244 578
245 408
246 666
247 262
248 790
249 248
250 690
251 405
252 543
253 500
254 478
255 591
256 330
257 748
258 240
259 736
260 346
261 608
262 426
263 590
264 428
265 533
266 554
267 396
268 635
269 391
270 602
271 392
272 674
273 279
274 735
275 332
276 602
277 482
278 490
279 544
280 426
281 660
282 258
283 796
284 226
285 718
286 375
287 573
288 464
289 527
290 530
291 400
292 678
293 296
294 694
295 367
296 607
297 397
298 646
299 349
300 624
301 460
302 478
303 572
304 434
305 583
306 386
307 701
308 236
309 780
310 279
311 647
312 442
313 521
314 518
315 452
316 640
317 278
318 774
319 242
320 707
321 376
322 587
323 436
324 574
325 471
326 470
327 615
328 354
329 648
330 394
331 608
332 374
333 692
334 291
335 677
336 403
337 529
338 530
339 460
340 574
341 380
342 720
343 217
344 794
345 266
346 658
347 428
348 538
349 497
350 470
351 620
352 311
353 748
354 274
355 684
356 390
357 596
358 406
359 612
360 428
361 509
362 574
363 396
364 614
365 412
366 610
367 348
368 726
369 258
370 706
371 383
372 550
373 511
374 474
375 572
376 370
377 736
378 218
379 791
380 278
381 646
382 432
383 548
384 486
385 480
386 611
387 325
388 726
389 301
390 658
391 400
392 603
393 384
394 638
395 412
396 522
397 560
398 414
399 596
400 418
401 622
402 322
403 756
404 254
405 703
406 391
407 544
408 510
409 473
410 582
411 346
412 758
413 217
414 778
415 303
416 626
417 440
418 546
419 486
420 468
421 625
422 318
423 717
424 323
425 636
426 406
427 614
428 370
429 639
430 430
431 503
432 570
433 417
434 590
435 412
436 646
437 292
438 771
439 268
440 675
441 420
442 526
443 519
444 462
445 612
446 307
447 780
448 215
449 752
450 338
451 596
452 454
453 540
454 507
455 430
456 659
457 296
458 714
459 343
460 618
461 407
462 624
463 372
464 611
465 476
466 459
467 596
468 411
469 592
470 395
471 676
472 267
473 758
474 304
475 623
476 466
477 497
478 538
479 430
480 658
481 258
482 794
483 228
484 714
485 382
486 566
487 472
488 510
489 558
490 362
491 716
492 270
493 708
494 368
495 604
496 410
497 614
498 410
499 540
500 550
501 400
502 624
503 404
504 602
505 372
506 698
507 271
508 706
509 377
510 550
511 517
