=~=~=~=~=~=~=~=~=~=~=~= PuTTY log 2018.03.09 16:58:31 =~=~=~=~=~=~=~=~=~=~=~=
Serial port says: Hello
0 386
1 391
2 404
3 423
4 447
5 473
6 501
7 529
8 557
9 579
10 599
11 614
12 617
13 616
14 607
15 591
16 571
17 549
18 523
19 498
20 469
21 445
22 425
23 409
24 399
25 395
26 402
27 411
28 428
29 448
30 469
31 495
32 521
33 547
34 570
35 587
36 599
37 608
38 605
39 601
40 589
41 571
42 551
43 530
44 503
45 477
46 453
47 433
48 417
49 408
50 403
51 406
52 413
53 425
54 443
55 465
56 489
57 515
58 542
59 563
60 581
61 596
62 603
63 605
64 601
65 591
66 578
67 558
68 534
69 509
70 483
71 459
72 437
73 419
74 410
75 402
76 402
77 409
78 417
79 437
80 457
81 481
82 510
83 538
84 560
85 581
86 595
87 607
88 611
89 609
90 602
91 587
92 567
93 544
94 515
95 488
96 461
97 435
98 418
99 402
100 393
101 389
102 393
103 405
104 424
105 445
106 475
107 503
108 533
109 559
110 585
111 603
112 617
113 625
114 626
115 618
116 604
117 581
118 553
119 523
120 493
121 461
122 434
123 410
124 389
125 377
126 369
127 373
128 385
129 405
130 432
131 462
132 494
133 529
134 561
135 591
136 617
137 633
138 647
139 650
140 644
141 625
142 601
143 571
144 537
145 499
146 466
147 430
148 398
149 373
150 355
151 347
152 349
153 361
154 384
155 410
156 444
157 484
158 523
159 561
160 601
161 632
162 658
163 671
164 676
165 669
166 651
167 625
168 593
169 553
170 512
171 467
172 424
173 388
174 355
175 331
176 321
177 321
178 332
179 354
180 385
181 424
182 467
183 515
184 561
185 605
186 646
187 678
188 696
189 705
190 699
191 681
192 655
193 617
194 575
195 528
196 473
197 424
198 377
199 339
200 311
201 293
202 291
203 302
204 322
205 356
206 397
207 449
208 501
209 557
210 611
211 658
212 693
213 719
214 731
215 729
216 713
217 687
218 647
219 598
220 544
221 483
222 425
223 369
224 325
225 291
226 270
227 262
228 268
229 289
230 325
231 371
232 427
233 488
234 550
235 611
236 664
237 709
238 739
239 761
240 761
241 745
242 720
243 678
244 623
245 561
246 495
247 429
248 369
249 317
250 276
251 248
252 236
253 239
254 259
255 295
256 344
257 403
258 470
259 539
260 609
261 665
262 717
263 755
264 779
265 792
266 775
267 747
268 704
269 649
270 584
271 513
272 441
273 373
274 316
275 268
276 234
277 217
278 216
279 235
280 271
281 320
282 384
283 451
284 524
285 595
286 657
287 715
288 760
289 785
290 799
291 790
292 764
293 721
294 665
295 601
296 531
297 457
298 390
299 327
300 276
301 237
302 216
303 213
304 227
305 259
306 307
307 366
308 433
309 505
310 577
311 641
312 701
313 747
314 784
315 794
316 792
317 772
318 731
319 681
320 617
321 547
322 478
323 406
324 342
325 287
326 245
327 219
328 213
329 222
330 250
331 294
332 350
333 417
334 488
335 559
336 627
337 689
338 742
339 775
340 796
341 796
342 777
343 745
344 693
345 633
346 567
347 496
348 424
349 357
350 299
351 253
352 225
353 213
354 222
355 244
356 284
357 337
358 399
359 469
360 541
361 609
362 674
363 726
364 764
365 788
366 793
367 777
368 747
369 705
370 650
371 582
372 512
373 441
374 375
375 317
376 271
377 238
378 225
379 227
380 245
381 281
382 328
383 387
384 453
385 523
386 592
387 654
388 708
389 745
390 769
391 777
392 769
393 745
394 706
395 656
396 596
397 527
398 459
399 395
400 339
401 293
402 262
403 243
404 241
405 255
406 283
407 325
408 379
409 441
410 506
411 570
412 628
413 681
414 719
415 745
416 760
417 753
418 735
419 702
420 656
421 601
422 539
423 477
424 419
425 363
426 320
427 287
428 268
429 261
430 269
431 293
432 331
433 377
434 434
435 494
436 551
437 605
438 653
439 691
440 719
441 733
442 734
443 722
444 692
445 653
446 603
447 549
448 495
449 441
450 390
451 348
452 316
453 295
454 285
455 291
456 309
457 339
458 382
459 430
460 480
461 533
462 581
463 627
464 665
465 689
466 706
467 710
468 700
469 677
470 643
471 603
472 557
473 507
474 462
475 416
476 376
477 345
478 323
479 313
480 315
481 329
482 355
483 390
484 428
485 473
486 517
487 561
488 601
489 635
490 662
491 678
492 684
493 676
494 657
495 632
496 597
497 559
498 518
499 478
500 436
501 401
502 371
503 351
504 341
505 341
506 352
507 370
508 398
509 429
510 467
511 505
