=~=~=~=~=~=~=~=~=~=~=~= PuTTY log 2018.03.09 16:32:09 =~=~=~=~=~=~=~=~=~=~=~=
Serial port says: Hello
0 388
1 483
2 592
3 658
4 656
5 589
6 481
7 389
8 347
9 377
10 459
11 562
12 636
13 649
14 600
15 509
16 421
17 371
18 384
19 446
20 532
21 601
22 625
23 595
24 529
25 453
26 406
27 402
28 444
29 508
30 565
31 595
32 584
33 537
34 482
35 438
36 428
37 449
38 493
39 539
40 565
41 565
42 538
43 498
44 463
45 449
46 457
47 488
48 521
49 545
50 551
51 538
52 508
53 477
54 461
55 463
56 483
57 513
58 538
59 546
60 540
61 513
62 485
63 463
64 461
65 475
66 506
67 534
68 552
69 548
70 523
71 489
72 459
73 449
74 462
75 496
76 535
77 561
78 565
79 539
80 497
81 453
82 432
83 442
84 480
85 533
86 573
87 587
88 563
89 509
90 454
91 415
92 416
93 457
94 521
95 581
96 607
97 589
98 534
99 458
100 404
101 391
102 429
103 504
104 579
105 623
106 618
107 560
108 472
109 397
110 369
111 401
112 479
113 571
114 635
115 642
116 588
117 493
118 401
119 353
120 373
121 451
122 555
123 640
124 663
125 617
126 517
127 411
128 344
129 345
130 419
131 531
132 636
133 681
134 649
135 553
136 429
137 339
138 320
139 384
140 501
141 623
142 697
143 683
144 589
145 456
146 342
147 295
148 343
149 463
150 603
151 705
152 715
153 633
154 491
155 351
156 279
157 305
158 419
159 576
160 701
161 741
162 675
163 534
164 374
165 273
166 273
167 377
168 537
169 685
170 754
171 710
172 575
173 409
174 283
175 255
176 339
177 495
178 658
179 747
180 732
181 616
182 449
183 311
184 258
185 315
186 454
187 614
188 724
189 733
190 641
191 493
192 351
193 279
194 308
195 422
196 569
197 685
198 717
199 655
200 529
201 397
202 314
203 316
204 401
205 527
206 639
207 689
208 655
209 557
210 440
211 354
212 336
213 393
214 495
215 600
216 657
217 648
218 575
219 474
220 390
221 357
222 391
223 473
224 565
225 629
226 640
227 588
228 501
229 417
230 373
231 387
232 453
233 539
234 610
235 634
236 599
237 524
238 437
239 383
240 381
241 433
242 518
243 598
244 636
245 616
246 545
247 457
248 387
249 367
250 410
251 496
252 585
253 641
254 635
255 571
256 475
257 392
258 354
259 384
260 468
261 569
262 643
263 655
264 601
265 501
266 403
267 347
268 360
269 437
270 545
271 635
272 667
273 625
274 531
275 424
276 352
277 347
278 411
279 517
280 617
281 665
282 642
283 560
284 452
285 369
286 349
287 397
288 489
289 587
290 646
291 642
292 575
293 481
294 399
295 367
296 395
297 469
298 558
299 615
300 623
301 580
302 505
303 433
304 397
305 409
306 464
307 530
308 581
309 597
310 571
311 517
312 463
313 429
314 432
315 464
316 510
317 552
318 569
319 557
320 525
321 485
322 458
323 450
324 468
325 500
326 531
327 549
328 547
329 527
330 498
331 474
332 461
333 469
334 491
335 521
336 541
337 545
338 534
339 506
340 480
341 461
342 463
343 483
344 513
345 539
346 554
347 542
348 516
349 480
350 453
351 449
352 469
353 505
354 546
355 567
356 561
357 527
358 481
359 443
360 429
361 449
362 496
363 547
364 583
365 585
366 551
367 491
368 435
369 409
370 426
371 478
372 544
373 596
374 607
375 573
376 507
377 437
378 395
379 400
380 452
381 529
382 600
383 627
384 601
385 531
386 446
387 386
388 374
389 423
390 509
391 595
392 643
393 629
394 560
395 464
396 381
397 353
398 393
399 481
400 585
401 651
402 658
403 592
404 485
405 385
406 335
407 361
408 451
409 565
410 658
411 682
412 625
413 513
414 395
415 323
416 329
417 413
418 542
419 656
420 702
421 664
422 549
423 413
424 315
425 299
426 375
427 510
428 644
429 719
430 699
431 591
432 443
433 319
434 276
435 334
436 468
437 621
438 725
439 731
440 635
441 479
442 334
443 262
444 297
445 425
446 587
447 717
448 751
449 675
450 523
451 362
452 264
453 273
454 381
455 547
456 691
457 753
458 706
459 566
460 401
461 284
462 264
463 351
464 504
465 655
466 738
467 715
468 600
469 445
470 319
471 277
472 335
473 465
474 611
475 706
476 708
477 621
478 485
479 363
480 303
481 335
482 438
483 567
484 664
485 687
486 629
487 521
488 405
489 339
490 347
491 422
492 532
493 623
494 661
495 627
496 543
497 443
498 374
499 363
500 413
501 501
502 589
503 637
504 625
505 561
506 474
507 400
508 373
509 405
510 479
511 563
